1875 2375
5971 6471
3923 923
3771 771
5819 6319
5627 6127
3769 769
5817 6317
5625 6125
3750 750
5798 6298
3770 770
5818 6318
5626 6126
1876 2376
5972 6472
3924 924
3751 751
5799 6299
3752 752
5800 6300
1877 2377
5973 6473
3925 925
5628 6128
3753 753
5801 6301
5629 6129
1878 2378
5974 6474
3926 926
3754 754
5802 6302
5630 6130
0 7000
4096 1596
2048 3548
6144 5144
5632 6132
1879 2379
5975 6475
3927 927
5631 6131
3755 755
5803 6303
3756 756
5804 6304
1880 2380
5976 6476
3928 928
3757 757
5805 6305
1 7001
4097 1597
2049 3549
6145 5145
5633 6133
3758 758
5806 6306
2 7002
4098 1598
2050 3550
6146 5146
5634 6134
1881 2381
5977 6477
3929 929
3759 759
5807 6307
1882 2382
5978 6478
3930 930
3 7003
4099 1599
2051 3551
6147 5147
5635 6135
1883 2383
5979 6479
3931 931
3760 760
5808 6308
4 7004
4100 1600
2052 3552
6148 5148
5636 6136
3761 761
5809 6309
1884 2384
5980 6480
3932 932
5 7005
4101 1601
2053 3553
6149 5149
5637 6137
1885 2385
5981 6481
3933 933
3762 762
5810 6310
6 7006
4102 1602
2054 3554
6150 5150
5638 6138
1886 2386
5982 6482
3934 934
3763 763
5811 6311
7 7007
4103 1603
2055 3555
6151 5151
5639 6139
1887 2387
5983 6483
3935 935
3764 764
5812 6312
1888 2388
5984 6484
3936 936
3765 765
5813 6313
8 7008
4104 1604
2056 3556
6152 5152
5640 6140
1889 2389
5985 6485
3937 937
3766 766
5814 6314
9 7009
4105 1605
2057 3557
6153 5153
5641 6141
10 7010
4106 1606
2058 3558
6154 5154
5642 6142
1890 2390
5986 6486
3938 938
3767 767
5815 6315
11 7011
4107 1607
2059 3559
6155 5155
5643 6143
3768 768
5816 6316
1891 2391
5987 6487
3939 939
12 7012
4108 1608
2060 3560
6156 5156
5644 6144
1892 2392
5988 6488
3940 940
1893 2393
5989 6489
3941 941
13 7013
4109 1609
2061 3561
6157 5157
5645 6145
1894 2394
5990 6490
3942 942
14 7014
4110 1610
2062 3562
6158 5158
5646 6146
3772 772
5820 6320
15 7015
4111 1611
2063 3563
6159 5159
5647 6147
3773 773
5821 6321
1895 2395
5991 6491
3943 943
3774 774
5822 6322
1896 2396
5992 6492
3944 944
16 7016
4112 1612
2064 3564
6160 5160
5648 6148
3775 775
5823 6323
1897 2397
5993 6493
3945 945
17 7017
4113 1613
2065 3565
6161 5161
5649 6149
3776 776
5824 6324
1898 2398
5994 6494
3946 946
18 7018
4114 1614
2066 3566
6162 5162
5650 6150
3777 777
5825 6325
1899 2399
5995 6495
3947 947
19 7019
4115 1615
2067 3567
6163 5163
5651 6151
1900 2400
5996 6496
3948 948
3778 778
5826 6326
20 7020
4116 1616
2068 3568
6164 5164
5652 6152
1901 2401
5997 6497
3949 949
21 7021
4117 1617
2069 3569
6165 5165
5653 6153
3779 779
5827 6327
1902 2402
5998 6498
3950 950
22 7022
4118 1618
2070 3570
6166 5166
5654 6154
3780 780
5828 6328
1903 2403
5999 6499
3951 951
23 7023
4119 1619
2071 3571
6167 5167
5655 6155
3781 781
5829 6329
1904 2404
6000 5000
3952 952
24 7024
4120 1620
2072 3572
6168 5168
5656 6156
3782 782
5830 6330
1905 2405
6001 5001
3953 953
3783 783
5831 6331
25 7025
4121 1621
2073 3573
6169 5169
5657 6157
3784 784
5832 6332
26 7026
4122 1622
2074 3574
6170 5170
5658 6158
1906 2406
6002 5002
3954 954
3785 785
5833 6333
27 7027
4123 1623
2075 3575
6171 5171
5659 6159
3786 786
5834 6334
1907 2407
6003 5003
3955 955
3787 787
5835 6335
28 7028
4124 1624
2076 3576
6172 5172
5660 6160
1908 2408
6004 5004
3956 956
29 7029
4125 1625
2077 3577
6173 5173
5661 6161
3788 788
5836 6336
1909 2409
6005 5005
3957 957
30 7030
4126 1626
2078 3578
6174 5174
5662 6162
3789 789
5837 6337
1910 2410
6006 5006
3958 958
3790 790
5838 6338
31 7031
4127 1627
2079 3579
6175 5175
5663 6163
3791 791
5839 6339
1911 2411
6007 5007
3959 959
32 7032
4128 1628
2080 3580
6176 5176
5664 6164
3792 792
5840 6340
3793 793
5841 6341
1912 2412
6008 5008
3960 960
33 7033
4129 1629
2081 3581
6177 5177
5665 6165
1913 2413
6009 5009
3961 961
34 7034
4130 1630
2082 3582
6178 5178
5666 6166
3794 794
5842 6342
1914 2414
6010 5010
3962 962
1915 2415
6011 5011
3963 963
3795 795
5843 6343
35 7035
4131 1631
2083 3583
6179 5179
5667 6167
1916 2416
6012 5012
3964 964
3796 796
5844 6344
36 7036
4132 1632
2084 3584
6180 5180
5668 6168
1917 2417
6013 5013
3965 965
3797 797
5845 6345
37 7037
4133 1633
2085 3585
6181 5181
5669 6169
3798 798
5846 6346
1918 2418
6014 5014
3966 966
38 7038
4134 1634
2086 3586
6182 5182
5670 6170
1919 2419
6015 5015
3967 967
3799 799
5847 6347
39 7039
4135 1635
2087 3587
6183 5183
5671 6171
1920 2420
6016 5016
3968 968
3800 800
5848 6348
40 7040
4136 1636
2088 3588
6184 5184
5672 6172
1921 2421
6017 5017
3969 969
3801 801
5849 6349
1922 2422
6018 5018
3970 970
41 7041
4137 1637
2089 3589
6185 5185
5673 6173
3802 802
5850 6350
42 7042
4138 1638
2090 3590
6186 5186
5674 6174
1923 2423
6019 5019
3971 971
3803 803
5851 6351
43 7043
4139 1639
2091 3591
6187 5187
5675 6175
1924 2424
6020 5020
3972 972
3804 804
5852 6352
44 7044
4140 1640
2092 3592
6188 5188
5676 6176
45 7045
4141 1641
2093 3593
6189 5189
5677 6177
3805 805
5853 6353
1925 2425
6021 5021
3973 973
3806 806
5854 6354
1926 2426
6022 5022
3974 974
46 7046
4142 1642
2094 3594
6190 5190
5678 6178
3807 807
5855 6355
1927 2427
6023 5023
3975 975
5679 6179
3808 808
5856 6356
5680 6180
1928 2428
6024 5024
3976 976
3809 809
5857 6357
5681 6181
1929 2429
6025 5025
3977 977
3810 810
5858 6358
1930 2430
6026 5026
3978 978
5682 6182
3811 811
5859 6359
1931 2431
6027 5027
3979 979
5683 6183
1932 2432
6028 5028
3980 980
3812 812
5860 6360
5684 6184
3813 813
5861 6361
1933 2433
6029 5029
3981 981
5685 6185
1934 2434
6030 5030
3982 982
3814 814
5862 6362
5686 6186
3815 815
5863 6363
1935 2435
6031 5031
3983 983
5687 6187
1936 2436
6032 5032
3984 984
3816 816
5864 6364
5688 6188
3817 817
5865 6365
1937 2437
6033 5033
3985 985
5689 6189
3818 818
5866 6366
1938 2438
6034 5034
3986 986
5690 6190
3819 819
5867 6367
1939 2439
6035 5035
3987 987
5691 6191
3820 820
5868 6368
1940 2440
6036 5036
3988 988
5692 6192
3821 821
5869 6369
1941 2441
6037 5037
3989 989
5693 6193
3822 822
5870 6370
1942 2442
6038 5038
3990 990
5694 6194
1943 2443
6039 5039
3991 991
3823 823
5871 6371
5695 6195
1944 2444
6040 5040
3992 992
3824 824
5872 6372
5696 6196
1945 2445
6041 5041
3993 993
5697 6197
3825 825
5873 6373
1946 2446
6042 5042
3994 994
3826 826
5874 6374
1947 2447
6043 5043
3995 995
5698 6198
3827 827
5875 6375
1948 2448
6044 5044
3996 996
5699 6199
3828 828
5876 6376
1949 2449
6045 5045
3997 997
5700 6200
1950 2450
6046 5046
3998 998
3829 829
5877 6377
5701 6201
3830 830
5878 6378
1951 2451
6047 5047
3999 999
5702 6202
3831 831
5879 6379
1952 2452
6048 5048
4000 1500
3832 832
5880 6380
5703 6203
3833 833
5881 6381
1953 2453
6049 5049
4001 1501
5704 6204
3834 834
5882 6382
1954 2454
6050 5050
4002 1502
5705 6205
3835 835
5883 6383
5706 6206
3836 836
5884 6384
1955 2455
6051 5051
4003 1503
5707 6207
3837 837
5885 6385
1956 2456
6052 5052
4004 1504
5708 6208
3838 838
5886 6386
1957 2457
6053 5053
4005 1505
3839 839
5887 6387
5709 6209
1958 2458
6054 5054
4006 1506
3840 840
5888 6388
5710 6210
1959 2459
6055 5055
4007 1507
3841 841
5889 6389
5711 6211
1960 2460
6056 5056
4008 1508
3842 842
5890 6390
5712 6212
1961 2461
6057 5057
4009 1509
3843 843
5891 6391
5713 6213
3844 844
5892 6392
1962 2462
6058 5058
4010 1510
5714 6214
1963 2463
6059 5059
4011 1511
3845 845
5893 6393
5715 6215
3846 846
5894 6394
1964 2464
6060 5060
4012 1512
5716 6216
1965 2465
6061 5061
4013 1513
3847 847
5895 6395
5717 6217
3848 848
5896 6396
1966 2466
6062 5062
4014 1514
5718 6218
3849 849
5897 6397
1967 2467
6063 5063
4015 1515
5719 6219
3850 850
5898 6398
1968 2468
6064 5064
4016 1516
5720 6220
3851 851
5899 6399
1969 2469
6065 5065
4017 1517
3852 852
5900 6400
5721 6221
1970 2470
6066 5066
4018 1518
3853 853
5901 6401
5722 6222
1971 2471
6067 5067
4019 1519
3854 854
5902 6402
5723 6223
1972 2472
6068 5068
4020 1520
3855 855
5903 6403
5724 6224
1973 2473
6069 5069
4021 1521
5725 6225
3856 856
5904 6404
1974 2474
6070 5070
4022 1522
5726 6226
3857 857
5905 6405
1975 2475
6071 5071
4023 1523
5727 6227
3858 858
5906 6406
1976 2476
6072 5072
4024 1524
3859 859
5907 6407
5728 6228
5729 6229
1977 2477
6073 5073
4025 1525
3860 860
5908 6408
1978 2478
6074 5074
4026 1526
5730 6230
3861 861
5909 6409
1979 2479
6075 5075
4027 1527
5731 6231
3862 862
5910 6410
1980 2480
6076 5076
4028 1528
5732 6232
3863 863
5911 6411
1981 2481
6077 5077
4029 1529
5733 6233
3864 864
5912 6412
1982 2482
6078 5078
4030 1530
5734 6234
3865 865
5913 6413
1983 2483
6079 5079
4031 1531
5735 6235
5736 6236
3866 866
5914 6414
1984 2484
6080 5080
4032 1532
5737 6237
3867 867
5915 6415
1985 2485
6081 5081
4033 1533
3868 868
5916 6416
5738 6238
3869 869
5917 6417
1986 2486
6082 5082
4034 1534
5739 6239
3870 870
5918 6418
1987 2487
6083 5083
4035 1535
5740 6240
3871 871
5919 6419
1988 2488
6084 5084
4036 1536
5741 6241
3872 872
5920 6420
3873 873
5921 6421
1989 2489
6085 5085
4037 1537
5742 6242
1990 2490
6086 5086
4038 1538
5743 6243
3874 874
5922 6422
1991 2491
6087 5087
4039 1539
5744 6244
3875 875
5923 6423
1992 2492
6088 5088
4040 1540
5745 6245
3876 876
5924 6424
3877 877
5925 6425
1993 2493
6089 5089
4041 1541
5746 6246
1994 2494
6090 5090
4042 1542
3878 878
5926 6426
5747 6247
1995 2495
6091 5091
4043 1543
3879 879
5927 6427
5748 6248
1996 2496
6092 5092
4044 1544
3880 880
5928 6428
5749 6249
1997 2497
6093 5093
4045 1545
3881 881
5929 6429
5750 6250
3882 882
5930 6430
5751 6251
1998 2498
6094 5094
4046 1546
3883 883
5931 6431
5752 6252
1999 2499
6095 5095
4047 1547
3884 884
5932 6432
5753 6253
3885 885
5933 6433
5754 6254
3886 886
5934 6434
5755 6255
5756 6256
3887 887
5935 6435
5757 6257
5758 6258
3888 888
5936 6436
5759 6259
2000 3500
6096 5096
4048 1548
3889 889
5937 6437
5760 6260
3890 890
5938 6438
5761 6261
3891 891
5939 6439
5762 6262
3892 892
5940 6440
5763 6263
5764 6264
3893 893
5941 6441
5765 6265
3894 894
5942 6442
5766 6266
2001 3501
6097 5097
4049 1549
3895 895
5943 6443
3896 896
5944 6444
5767 6267
3897 897
5945 6445
5768 6268
3898 898
5946 6446
3899 899
5947 6447
5769 6269
5770 6270
5771 6271
3900 900
5948 6448
5772 6272
3901 901
5949 6449
5773 6273
3902 902
5950 6450
5774 6274
3903 903
5951 6451
2002 3502
6098 5098
4050 1550
5775 6275
3904 904
5952 6452
5776 6276
3905 905
5953 6453
5777 6277
3906 906
5954 6454
5778 6278
3907 907
5955 6455
5779 6279
3908 908
5956 6456
5780 6280
3909 909
5957 6457
5781 6281
3910 910
5958 6458
5782 6282
3911 911
5959 6459
5783 6283
3912 912
5960 6460
2003 3503
6099 5099
4051 1551
5784 6284
3913 913
5961 6461
5785 6285
3914 914
5962 6462
5786 6286
3915 915
5963 6463
5787 6287
3916 916
5964 6464
5788 6288
3917 917
5965 6465
5789 6289
3918 918
5966 6466
5790 6290
3919 919
5967 6467
5791 6291
47 7047
4143 1643
2095 3595
6191 5191
3920 920
5968 6468
5792 6292
2004 3504
6100 5100
4052 1552
3921 921
5969 6469
5793 6293
3922 922
5970 6470
5794 6294
48 7048
4144 1644
2096 3596
6192 5192
5795 6295
5796 6296
5797 6297
49 7049
4145 1645
2097 3597
6193 5193
50 7050
4146 1646
2098 3598
6194 5194
2005 3505
6101 5101
4053 1553
51 7051
4147 1647
2099 3599
6195 5195
52 7052
4148 1648
2100 3600
6196 5196
2006 3506
6102 5102
4054 1554
53 7053
4149 1649
2101 3601
6197 5197
54 7054
4150 1650
2102 3602
6198 5198
55 7055
4151 1651
2103 3603
6199 5199
2007 3507
6103 5103
4055 1555
56 7056
4152 1652
2104 3604
6200 5200
57 7057
4153 1653
2105 3605
6201 5201
58 7058
4154 1654
2106 3606
6202 5202
2008 3508
6104 5104
4056 1556
59 7059
4155 1655
2107 3607
6203 5203
60 7060
4156 1656
2108 3608
6204 5204
61 7061
4157 1657
2109 3609
6205 5205
2009 3509
6105 5105
4057 1557
62 7062
4158 1658
2110 3610
6206 5206
2010 3510
6106 5106
4058 1558
63 7063
4159 1659
2111 3611
6207 5207
2011 3511
6107 5107
4059 1559
64 7064
4160 1660
2112 3612
6208 5208
2012 3512
6108 5108
4060 1560
65 7065
4161 1661
2113 3613
6209 5209
2013 3513
6109 5109
4061 1561
66 7066
4162 1662
2114 3614
6210 5210
2014 3514
6110 5110
4062 1562
67 7067
4163 1663
2115 3615
6211 5211
2015 3515
6111 5111
4063 1563
68 7068
4164 1664
2116 3616
6212 5212
2016 3516
6112 5112
4064 1564
69 7069
4165 1665
2117 3617
6213 5213
2017 3517
6113 5113
4065 1565
70 7070
4166 1666
2118 3618
6214 5214
2018 3518
6114 5114
4066 1566
71 7071
4167 1667
2119 3619
6215 5215
2019 3519
6115 5115
4067 1567
72 7072
4168 1668
2120 3620
6216 5216
2020 3520
6116 5116
4068 1568
73 7073
4169 1669
2121 3621
6217 5217
2021 3521
6117 5117
4069 1569
74 7074
4170 1670
2122 3622
6218 5218
2022 3522
6118 5118
4070 1570
75 7075
4171 1671
2123 3623
6219 5219
2023 3523
6119 5119
4071 1571
76 7076
4172 1672
2124 3624
6220 5220
2024 3524
6120 5120
4072 1572
77 7077
4173 1673
2125 3625
6221 5221
2025 3525
6121 5121
4073 1573
78 7078
4174 1674
2126 3626
6222 5222
2026 3526
6122 5122
4074 1574
79 7079
4175 1675
2127 3627
6223 5223
2027 3527
6123 5123
4075 1575
80 7080
4176 1676
2128 3628
6224 5224
2028 3528
6124 5124
4076 1576
81 7081
4177 1677
2129 3629
6225 5225
2029 3529
6125 5125
4077 1577
82 7082
4178 1678
2130 3630
6226 5226
2030 3530
6126 5126
4078 1578
83 7083
4179 1679
2131 3631
6227 5227
2031 3531
6127 5127
4079 1579
84 7084
4180 1680
2132 3632
6228 5228
2032 3532
6128 5128
4080 1580
85 7085
4181 1681
2133 3633
6229 5229
2033 3533
6129 5129
4081 1581
86 7086
4182 1682
2134 3634
6230 5230
2034 3534
6130 5130
4082 1582
87 7087
4183 1683
2135 3635
6231 5231
2035 3535
6131 5131
4083 1583
88 7088
4184 1684
2136 3636
6232 5232
2036 3536
6132 5132
4084 1584
89 7089
4185 1685
2137 3637
6233 5233
2037 3537
6133 5133
4085 1585
90 7090
4186 1686
2138 3638
6234 5234
2038 3538
6134 5134
4086 1586
91 7091
4187 1687
2139 3639
6235 5235
2039 3539
6135 5135
4087 1587
92 7092
4188 1688
2140 3640
6236 5236
2040 3540
6136 5136
4088 1588
93 7093
4189 1689
2141 3641
6237 5237
2041 3541
6137 5137
4089 1589
94 7094
4190 1690
2142 3642
6238 5238
2042 3542
6138 5138
4090 1590
95 7095
4191 1691
2143 3643
6239 5239
2043 3543
6139 5139
4091 1591
96 7096
4192 1692
2144 3644
6240 5240
2044 3544
6140 5140
4092 1592
97 7097
4193 1693
2145 3645
6241 5241
2045 3545
6141 5141
4093 1593
98 7098
4194 1694
2146 3646
6242 5242
2046 3546
6142 5142
4094 1594
99 7099
4195 1695
2147 3647
6243 5243
2047 3547
6143 5143
4095 1595
100 7100
4196 1696
2148 3648
6244 5244
101 7101
4197 1697
2149 3649
6245 5245
102 7102
4198 1698
2150 3650
6246 5246
103 7103
4199 1699
2151 3651
6247 5247
104 7104
4200 1700
2152 3652
6248 5248
105 7105
4201 1701
2153 3653
6249 5249
106 7106
4202 1702
2154 3654
6250 5250
107 7107
4203 1703
2155 3655
6251 5251
108 7108
4204 1704
2156 3656
6252 5252
109 7109
4205 1705
2157 3657
6253 5253
110 7110
4206 1706
2158 3658
6254 5254
111 7111
4207 1707
2159 3659
6255 5255
112 7112
4208 1708
2160 3660
6256 5256
113 7113
4209 1709
2161 3661
6257 5257
114 7114
4210 1710
2162 3662
6258 5258
115 7115
4211 1711
2163 3663
6259 5259
116 7116
4212 1712
2164 3664
6260 5260
117 7117
4213 1713
2165 3665
6261 5261
118 7118
4214 1714
2166 3666
6262 5262
119 7119
4215 1715
2167 3667
6263 5263
120 7120
4216 1716
2168 3668
6264 5264
121 7121
4217 1717
2169 3669
6265 5265
122 7122
4218 1718
2170 3670
6266 5266
123 7123
4219 1719
2171 3671
6267 5267
124 7124
4220 1720
2172 3672
6268 5268
125 7125
4221 1721
2173 3673
6269 5269
126 7126
4222 1722
2174 3674
6270 5270
127 7127
4223 1723
2175 3675
6271 5271
128 7128
4224 1724
2176 3676
6272 5272
129 7129
4225 1725
2177 3677
6273 5273
130 7130
4226 1726
2178 3678
6274 5274
131 7131
4227 1727
2179 3679
6275 5275
132 7132
4228 1728
2180 3680
6276 5276
133 7133
4229 1729
2181 3681
6277 5277
134 7134
4230 1730
2182 3682
6278 5278
135 7135
4231 1731
2183 3683
6279 5279
136 7136
4232 1732
2184 3684
6280 5280
137 7137
4233 1733
2185 3685
6281 5281
138 7138
4234 1734
2186 3686
6282 5282
139 7139
4235 1735
2187 3687
6283 5283
140 7140
4236 1736
2188 3688
6284 5284
141 7141
4237 1737
2189 3689
6285 5285
142 7142
4238 1738
2190 3690
6286 5286
143 7143
4239 1739
2191 3691
6287 5287
144 7144
4240 1740
2192 3692
6288 5288
145 7145
4241 1741
2193 3693
6289 5289
146 7146
4242 1742
2194 3694
6290 5290
147 7147
4243 1743
2195 3695
6291 5291
148 7148
4244 1744
2196 3696
6292 5292
149 7149
4245 1745
2197 3697
6293 5293
150 7150
4246 1746
2198 3698
6294 5294
151 7151
4247 1747
2199 3699
6295 5295
152 7152
4248 1748
2200 3700
6296 5296
153 7153
4249 1749
2201 3701
6297 5297
154 7154
4250 1750
2202 3702
6298 5298
155 7155
4251 1751
2203 3703
6299 5299
156 7156
4252 1752
2204 3704
6300 5300
157 7157
4253 1753
2205 3705
6301 5301
158 7158
4254 1754
2206 3706
6302 5302
159 7159
4255 1755
2207 3707
6303 5303
160 7160
4256 1756
2208 3708
6304 5304
161 7161
4257 1757
2209 3709
6305 5305
162 7162
4258 1758
2210 3710
6306 5306
163 7163
4259 1759
2211 3711
6307 5307
164 7164
4260 1760
2212 3712
6308 5308
165 7165
4261 1761
2213 3713
6309 5309
166 7166
4262 1762
2214 3714
6310 5310
167 7167
4263 1763
2215 3715
6311 5311
168 7168
4264 1764
2216 3716
6312 5312
169 7169
4265 1765
2217 3717
6313 5313
170 7170
4266 1766
2218 3718
6314 5314
171 7171
4267 1767
2219 3719
6315 5315
172 7172
4268 1768
2220 3720
6316 5316
173 7173
4269 1769
2221 3721
6317 5317
174 7174
4270 1770
2222 3722
6318 5318
175 7175
4271 1771
2223 3723
6319 5319
176 7176
4272 1772
2224 3724
6320 5320
177 7177
4273 1773
2225 3725
6321 5321
178 7178
4274 1774
2226 3726
6322 5322
179 7179
4275 1775
2227 3727
6323 5323
180 7180
4276 1776
2228 3728
6324 5324
181 7181
4277 1777
2229 3729
6325 5325
182 7182
4278 1778
2230 3730
6326 5326
183 7183
4279 1779
2231 3731
6327 5327
184 7184
4280 1780
2232 3732
6328 5328
185 7185
4281 1781
2233 3733
6329 5329
186 7186
4282 1782
2234 3734
6330 5330
187 7187
4283 1783
2235 3735
6331 5331
188 7188
4284 1784
2236 3736
6332 5332
189 7189
4285 1785
2237 3737
6333 5333
190 7190
4286 1786
2238 3738
6334 5334
191 7191
4287 1787
2239 3739
6335 5335
192 7192
4288 1788
2240 3740
6336 5336
193 7193
4289 1789
2241 3741
6337 5337
194 7194
4290 1790
2242 3742
6338 5338
195 7195
4291 1791
2243 3743
6339 5339
196 7196
4292 1792
2244 3744
6340 5340
197 7197
4293 1793
2245 3745
6341 5341
198 7198
4294 1794
2246 3746
6342 5342
199 7199
4295 1795
2247 3747
6343 5343
200 7200
4296 1796
2248 3748
6344 5344
201 7201
4297 1797
2249 3749
6345 5345
202 7202
4298 1798
2250 3750
6346 5346
203 7203
4299 1799
2251 3751
6347 5347
204 7204
4300 1800
2252 3752
6348 5348
205 7205
4301 1801
2253 3753
6349 5349
206 7206
4302 1802
2254 3754
6350 5350
207 7207
4303 1803
2255 3755
6351 5351
208 7208
4304 1804
2256 3756
6352 5352
209 7209
4305 1805
2257 3757
6353 5353
210 7210
4306 1806
2258 3758
6354 5354
211 7211
4307 1807
2259 3759
6355 5355
212 7212
4308 1808
2260 3760
6356 5356
213 7213
4309 1809
2261 3761
6357 5357
214 7214
4310 1810
2262 3762
6358 5358
215 7215
4311 1811
2263 3763
6359 5359
216 7216
4312 1812
2264 3764
6360 5360
217 7217
4313 1813
2265 3765
6361 5361
218 7218
4314 1814
2266 3766
6362 5362
219 7219
4315 1815
2267 3767
6363 5363
220 7220
4316 1816
2268 3768
6364 5364
221 7221
4317 1817
2269 3769
6365 5365
222 7222
4318 1818
2270 3770
6366 5366
223 7223
4319 1819
2271 3771
6367 5367
224 7224
4320 1820
2272 3772
6368 5368
225 7225
4321 1821
2273 3773
6369 5369
226 7226
4322 1822
2274 3774
6370 5370
227 7227
4323 1823
2275 3775
6371 5371
228 7228
4324 1824
2276 3776
6372 5372
229 7229
4325 1825
2277 3777
6373 5373
230 7230
4326 1826
2278 3778
6374 5374
231 7231
4327 1827
2279 3779
6375 5375
232 7232
4328 1828
2280 3780
6376 5376
233 7233
4329 1829
2281 3781
6377 5377
234 7234
4330 1830
2282 3782
6378 5378
235 7235
4331 1831
2283 3783
6379 5379
236 7236
4332 1832
2284 3784
6380 5380
237 7237
4333 1833
2285 3785
6381 5381
238 7238
4334 1834
2286 3786
6382 5382
239 7239
4335 1835
2287 3787
6383 5383
240 7240
4336 1836
2288 3788
6384 5384
241 7241
4337 1837
2289 3789
6385 5385
242 7242
4338 1838
2290 3790
6386 5386
243 7243
4339 1839
2291 3791
6387 5387
244 7244
4340 1840
2292 3792
6388 5388
245 7245
4341 1841
2293 3793
6389 5389
246 7246
4342 1842
2294 3794
6390 5390
247 7247
4343 1843
2295 3795
6391 5391
248 7248
4344 1844
2296 3796
6392 5392
249 7249
4345 1845
2297 3797
6393 5393
250 7250
4346 1846
2298 3798
6394 5394
251 7251
4347 1847
2299 3799
6395 5395
252 7252
4348 1848
2300 3800
6396 5396
253 7253
4349 1849
2301 3801
6397 5397
254 7254
4350 1850
2302 3802
6398 5398
255 7255
4351 1851
2303 3803
6399 5399
256 7256
4352 1852
2304 3804
6400 5400
257 7257
4353 1853
2305 3805
6401 5401
258 7258
4354 1854
2306 3806
6402 5402
259 7259
4355 1855
2307 3807
6403 5403
260 7260
4356 1856
2308 3808
6404 5404
261 7261
4357 1857
2309 3809
6405 5405
262 7262
4358 1858
2310 3810
6406 5406
263 7263
4359 1859
2311 3811
6407 5407
264 7264
4360 1860
2312 3812
6408 5408
265 7265
4361 1861
2313 3813
6409 5409
266 7266
4362 1862
2314 3814
6410 5410
267 7267
4363 1863
2315 3815
6411 5411
268 7268
4364 1864
2316 3816
6412 5412
269 7269
4365 1865
2317 3817
6413 5413
270 7270
4366 1866
2318 3818
6414 5414
271 7271
4367 1867
2319 3819
6415 5415
272 7272
4368 1868
2320 3820
6416 5416
273 7273
4369 1869
2321 3821
6417 5417
274 7274
4370 1870
2322 3822
6418 5418
275 7275
4371 1871
2323 3823
6419 5419
276 7276
4372 1872
2324 3824
6420 5420
277 7277
4373 1873
2325 3825
6421 5421
278 7278
4374 1874
2326 3826
6422 5422
279 7279
4375 1875
2327 3827
6423 5423
280 7280
4376 1876
2328 3828
6424 5424
281 7281
4377 1877
2329 3829
6425 5425
282 7282
4378 1878
2330 3830
6426 5426
283 7283
4379 1879
2331 3831
6427 5427
284 7284
4380 1880
2332 3832
6428 5428
285 7285
4381 1881
2333 3833
6429 5429
286 7286
4382 1882
2334 3834
6430 5430
287 7287
4383 1883
2335 3835
6431 5431
288 7288
4384 1884
2336 3836
6432 5432
289 7289
4385 1885
2337 3837
6433 5433
290 7290
4386 1886
2338 3838
6434 5434
291 7291
4387 1887
2339 3839
6435 5435
292 7292
4388 1888
2340 3840
6436 5436
293 7293
4389 1889
2341 3841
6437 5437
294 7294
4390 1890
2342 3842
6438 5438
295 7295
4391 1891
2343 3843
6439 5439
296 7296
4392 1892
2344 3844
6440 5440
297 7297
4393 1893
2345 3845
6441 5441
298 7298
4394 1894
2346 3846
6442 5442
299 7299
4395 1895
2347 3847
6443 5443
300 7300
4396 1896
2348 3848
6444 5444
301 7301
4397 1897
2349 3849
6445 5445
302 7302
4398 1898
2350 3850
6446 5446
303 7303
4399 1899
2351 3851
6447 5447
304 7304
4400 1900
2352 3852
6448 5448
305 7305
4401 1901
2353 3853
6449 5449
306 7306
4402 1902
2354 3854
6450 5450
307 7307
4403 1903
2355 3855
6451 5451
308 7308
4404 1904
2356 3856
6452 5452
309 7309
4405 1905
2357 3857
6453 5453
310 7310
4406 1906
2358 3858
6454 5454
311 7311
4407 1907
2359 3859
6455 5455
312 7312
4408 1908
2360 3860
6456 5456
313 7313
4409 1909
2361 3861
6457 5457
314 7314
4410 1910
2362 3862
6458 5458
315 7315
4411 1911
2363 3863
6459 5459
316 7316
4412 1912
2364 3864
6460 5460
317 7317
4413 1913
2365 3865
6461 5461
318 7318
4414 1914
2366 3866
6462 5462
319 7319
4415 1915
2367 3867
6463 5463
320 7320
4416 1916
2368 3868
6464 5464
321 7321
4417 1917
2369 3869
6465 5465
322 7322
4418 1918
2370 3870
6466 5466
323 7323
4419 1919
2371 3871
6467 5467
324 7324
4420 1920
2372 3872
6468 5468
325 7325
4421 1921
2373 3873
6469 5469
326 7326
4422 1922
2374 3874
6470 5470
327 7327
4423 1923
2375 3875
6471 5471
328 7328
4424 1924
2376 3876
6472 5472
329 7329
4425 1925
2377 3877
6473 5473
330 7330
4426 1926
2378 3878
6474 5474
331 7331
4427 1927
2379 3879
6475 5475
332 7332
4428 1928
2380 3880
6476 5476
333 7333
4429 1929
2381 3881
6477 5477
334 7334
4430 1930
2382 3882
6478 5478
335 7335
4431 1931
2383 3883
6479 5479
336 7336
4432 1932
337 7337
4433 1933
338 7338
4434 1934
339 7339
4435 1935
340 7340
4436 1936
341 7341
4437 1937
342 7342
4438 1938
343 7343
4439 1939
344 7344
4440 1940
345 7345
4441 1941
346 7346
4442 1942
347 7347
4443 1943
348 7348
4444 1944
349 7349
4445 1945
350 7350
4446 1946
351 7351
4447 1947
352 7352
4448 1948
353 7353
4449 1949
354 7354
4450 1950
355 7355
4451 1951
356 7356
4452 1952
357 7357
4453 1953
358 7358
4454 1954
359 7359
4455 1955
360 7360
4456 1956
361 7361
4457 1957
362 7362
4458 1958
363 7363
4459 1959
364 7364
4460 1960
365 7365
4461 1961
366 7366
4462 1962
367 7367
4463 1963
368 7368
4464 1964
369 7369
4465 1965
370 7370
4466 1966
371 7371
4467 1967
372 7372
4468 1968
373 7373
4469 1969
374 7374
4470 1970
375 7375
4471 1971
376 7376
4472 1972
377 7377
4473 1973
378 7378
4474 1974
379 7379
4475 1975
380 7380
4476 1976
381 7381
4477 1977
382 7382
4478 1978
383 7383
4479 1979
384 7384
4480 1980
385 7385
4481 1981
386 7386
4482 1982
387 7387
4483 1983
388 7388
4484 1984
389 7389
4485 1985
390 7390
4486 1986
391 7391
4487 1987
392 7392
4488 1988
393 7393
4489 1989
394 7394
4490 1990
395 7395
4491 1991
396 7396
4492 1992
397 7397
4493 1993
398 7398
4494 1994
399 7399
4495 1995
400 7400
4496 1996
401 7401
4497 1997
402 7402
4498 1998
403 7403
4499 1999
404 7404
4500 2500
405 7405
4501 2501
406 7406
4502 2502
407 7407
4503 2503
408 7408
4504 2504
409 7409
4505 2505
410 7410
4506 2506
411 7411
4507 2507
412 7412
4508 2508
413 7413
4509 2509
414 7414
4510 2510
415 7415
4511 2511
416 7416
4512 2512
417 7417
4513 2513
418 7418
4514 2514
419 7419
4515 2515
420 7420
4516 2516
421 7421
4517 2517
422 7422
4518 2518
423 7423
4519 2519
424 7424
4520 2520
425 7425
4521 2521
426 7426
4522 2522
427 7427
4523 2523
428 7428
4524 2524
429 7429
4525 2525
430 7430
4526 2526
431 7431
4527 2527
432 7432
4528 2528
433 7433
4529 2529
434 7434
4530 2530
435 7435
4531 2531
436 7436
4532 2532
437 7437
4533 2533
438 7438
4534 2534
439 7439
4535 2535
440 7440
4536 2536
441 7441
4537 2537
442 7442
4538 2538
443 7443
4539 2539
444 7444
4540 2540
445 7445
4541 2541
446 7446
4542 2542
447 7447
4543 2543
448 7448
4544 2544
449 7449
4545 2545
450 7450
4546 2546
451 7451
4547 2547
452 7452
4548 2548
453 7453
4549 2549
454 7454
4550 2550
455 7455
4551 2551
456 7456
4552 2552
457 7457
4553 2553
458 7458
4554 2554
459 7459
4555 2555
460 7460
4556 2556
461 7461
4557 2557
462 7462
4558 2558
463 7463
4559 2559
464 7464
4560 2560
465 7465
4561 2561
466 7466
4562 2562
467 7467
4563 2563
468 7468
4564 2564
469 7469
4565 2565
470 7470
4566 2566
471 7471
4567 2567
472 7472
4568 2568
473 7473
4569 2569
474 7474
4570 2570
475 7475
4571 2571
476 7476
4572 2572
477 7477
4573 2573
478 7478
4574 2574
479 7479
4575 2575
480 7480
4576 2576
481 7481
4577 2577
482 7482
4578 2578
483 7483
4579 2579
484 7484
4580 2580
485 7485
4581 2581
486 7486
4582 2582
487 7487
4583 2583
488 7488
4584 2584
489 7489
4585 2585
490 7490
4586 2586
491 7491
4587 2587
492 7492
4588 2588
493 7493
4589 2589
494 7494
4590 2590
495 7495
4591 2591
496 7496
4592 2592
497 7497
4593 2593
498 7498
4594 2594
499 7499
4595 2595
500 0
4596 2596
501 1
4597 2597
502 10
4598 2598
503 100
4599 2599
504 101
4600 2600
505 102
4601 2601
506 103
4602 2602
507 104
4603 2603
508 105
4604 2604
509 106
4605 2605
510 107
4606 2606
511 108
4607 2607
512 109
4608 2608
513 11
4609 2609
514 110
4610 2610
515 111
4611 2611
516 112
4612 2612
517 113
4613 2613
518 114
4614 2614
519 115
4615 2615
2384 3884
6480 5480
520 116
4616 2616
2385 3885
6481 5481
521 117
4617 2617
2386 3886
6482 5482
522 118
4618 2618
2387 3887
6483 5483
523 119
4619 2619
2388 3888
6484 5484
2389 3889
6485 5485
2390 3890
6486 5486
524 12
4620 2620
2391 3891
6487 5487
525 120
4621 2621
2392 3892
6488 5488
526 121
4622 2622
2393 3893
6489 5489
527 122
4623 2623
2394 3894
6490 5490
528 123
4624 2624
2395 3895
6491 5491
529 124
4625 2625
2396 3896
6492 5492
530 125
4626 2626
2397 3897
6493 5493
531 126
4627 2627
2398 3898
6494 5494
532 127
4628 2628
2399 3899
6495 5495
533 128
4629 2629
2400 3900
6496 5496
534 129
4630 2630
2401 3901
6497 5497
2402 3902
6498 5498
2403 3903
6499 5499
535 13
4631 2631
2404 3904
6500 5500
536 130
4632 2632
2405 3905
6501 5501
537 131
4633 2633
2406 3906
6502 5502
538 132
4634 2634
2407 3907
6503 5503
539 133
4635 2635
2408 3908
6504 5504
540 134
4636 2636
2409 3909
6505 5505
541 135
4637 2637
2410 3910
6506 5506
542 136
4638 2638
2411 3911
6507 5507
543 137
4639 2639
2412 3912
6508 5508
544 138
4640 2640
2413 3913
6509 5509
545 139
4641 2641
2414 3914
6510 5510
2415 3915
6511 5511
2416 3916
6512 5512
546 14
4642 2642
2417 3917
6513 5513
547 140
4643 2643
2418 3918
6514 5514
548 141
4644 2644
2419 3919
6515 5515
549 142
4645 2645
2420 3920
6516 5516
550 143
4646 2646
2421 3921
6517 5517
551 144
4647 2647
2422 3922
6518 5518
552 145
4648 2648
2423 3923
6519 5519
553 146
4649 2649
2424 3924
6520 5520
554 147
4650 2650
2425 3925
6521 5521
555 148
4651 2651
2426 3926
6522 5522
556 149
4652 2652
2427 3927
6523 5523
2428 3928
6524 5524
2429 3929
6525 5525
557 15
4653 2653
2430 3930
6526 5526
558 150
4654 2654
2431 3931
6527 5527
559 151
4655 2655
560 152
4656 2656
2432 3932
6528 5528
561 153
4657 2657
2433 3933
6529 5529
562 154
4658 2658
2434 3934
6530 5530
563 155
4659 2659
2435 3935
6531 5531
564 156
4660 2660
2436 3936
6532 5532
565 157
4661 2661
2437 3937
6533 5533
566 158
4662 2662
2438 3938
6534 5534
567 159
4663 2663
2439 3939
6535 5535
2440 3940
6536 5536
2441 3941
6537 5537
568 16
4664 2664
2442 3942
6538 5538
569 160
4665 2665
2443 3943
6539 5539
570 161
4666 2666
2444 3944
6540 5540
571 162
4667 2667
2445 3945
6541 5541
572 163
4668 2668
2446 3946
6542 5542
573 164
4669 2669
2447 3947
6543 5543
574 165
4670 2670
2448 3948
6544 5544
575 166
4671 2671
2449 3949
6545 5545
576 167
4672 2672
2450 3950
6546 5546
577 168
4673 2673
2451 3951
6547 5547
578 169
4674 2674
2452 3952
6548 5548
2453 3953
6549 5549
2454 3954
6550 5550
579 17
4675 2675
2455 3955
6551 5551
580 170
4676 2676
2456 3956
6552 5552
581 171
4677 2677
2457 3957
6553 5553
582 172
4678 2678
2458 3958
6554 5554
583 173
4679 2679
2459 3959
6555 5555
584 174
4680 2680
2460 3960
6556 5556
585 175
4681 2681
2461 3961
6557 5557
586 176
4682 2682
2462 3962
6558 5558
587 177
4683 2683
2463 3963
6559 5559
588 178
4684 2684
2464 3964
6560 5560
589 179
4685 2685
2465 3965
6561 5561
2466 3966
6562 5562
2467 3967
6563 5563
590 18
4686 2686
2468 3968
6564 5564
591 180
4687 2687
2469 3969
6565 5565
592 181
4688 2688
2470 3970
6566 5566
593 182
4689 2689
2471 3971
6567 5567
594 183
4690 2690
2472 3972
6568 5568
595 184
4691 2691
2473 3973
6569 5569
596 185
4692 2692
2474 3974
6570 5570
597 186
4693 2693
2475 3975
6571 5571
598 187
4694 2694
2476 3976
6572 5572
599 188
4695 2695
2477 3977
6573 5573
600 189
4696 2696
2478 3978
6574 5574
2479 3979
6575 5575
2480 3980
6576 5576
601 19
4697 2697
2481 3981
6577 5577
602 190
4698 2698
2482 3982
6578 5578
603 191
4699 2699
2483 3983
6579 5579
604 192
4700 2700
2484 3984
6580 5580
605 193
4701 2701
2485 3985
6581 5581
606 194
4702 2702
2486 3986
6582 5582
607 195
4703 2703
2487 3987
6583 5583
608 196
4704 2704
2488 3988
6584 5584
609 197
4705 2705
2489 3989
6585 5585
610 198
4706 2706
2490 3990
6586 5586
611 199
4707 2707
2491 3991
6587 5587
2492 3992
6588 5588
2493 3993
6589 5589
2494 3994
6590 5590
2495 3995
6591 5591
2496 3996
6592 5592
2497 3997
6593 5593
2498 3998
6594 5594
2499 3999
6595 5595
612 2
4708 2708
613 20
4709 2709
614 200
4710 2710
615 201
4711 2711
616 202
4712 2712
617 203
4713 2713
618 204
4714 2714
2500 4000
6596 5596
619 205
4715 2715
620 206
4716 2716
621 207
4717 2717
622 208
4718 2718
623 209
4719 2719
624 21
4720 2720
625 210
4721 2721
2501 4001
6597 5597
626 211
4722 2722
627 212
4723 2723
628 213
4724 2724
629 214
4725 2725
630 215
4726 2726
631 216
4727 2727
632 217
4728 2728
633 218
4729 2729
2502 4002
6598 5598
634 219
4730 2730
635 22
4731 2731
636 220
4732 2732
637 221
4733 2733
638 222
4734 2734
639 223
4735 2735
640 224
4736 2736
2503 4003
6599 5599
641 225
4737 2737
642 226
4738 2738
643 227
4739 2739
644 228
4740 2740
645 229
4741 2741
646 23
4742 2742
647 230
4743 2743
2504 4004
6600 5600
648 231
4744 2744
649 232
4745 2745
650 233
4746 2746
651 234
4747 2747
652 235
4748 2748
653 236
4749 2749
654 237
4750 2750
655 238
4751 2751
656 239
4752 2752
2505 4005
6601 5601
657 24
4753 2753
658 240
4754 2754
659 241
4755 2755
660 242
4756 2756
661 243
4757 2757
662 244
4758 2758
2506 4006
6602 5602
663 245
4759 2759
664 246
4760 2760
665 247
4761 2761
666 248
4762 2762
667 249
4763 2763
668 25
4764 2764
669 250
4765 2765
2507 4007
6603 5603
670 251
4766 2766
671 252
4767 2767
672 253
4768 2768
673 254
4769 2769
674 255
4770 2770
675 256
4771 2771
676 257
4772 2772
677 258
4773 2773
2508 4008
6604 5604
678 259
4774 2774
679 26
4775 2775
680 260
4776 2776
681 261
4777 2777
682 262
4778 2778
683 263
4779 2779
684 264
4780 2780
2509 4009
6605 5605
685 265
4781 2781
686 266
687 267
2510 4010
6606 5606
688 268
689 269
2511 4011
6607 5607
690 27
691 270
2512 4012
6608 5608
692 271
693 272
694 273
2513 4013
6609 5609
695 274
696 275
697 276
2514 4014
6610 5610
698 277
699 278
700 279
2515 4015
6611 5611
701 28
2516 4016
6612 5612
702 280
703 281
2517 4017
6613 5613
704 282
705 283
706 284
2518 4018
6614 5614
707 285
708 286
709 287
2519 4019
6615 5615
710 288
711 289
2520 4020
6616 5616
712 29
713 290
2521 4021
6617 5617
714 291
715 292
716 293
2522 4022
6618 5618
717 294
718 295
719 296
2523 4023
6619 5619
720 297
721 298
722 299
2524 4024
6620 5620
2525 4025
6621 5621
2526 4026
6622 5622
723 3
2527 4027
6623 5623
724 30
725 300
2528 4028
6624 5624
726 301
727 302
728 303
2529 4029
6625 5625
729 304
730 305
731 306
2530 4030
6626 5626
732 307
733 308
734 309
2531 4031
6627 5627
735 31
2532 4032
6628 5628
736 310
737 311
738 312
2533 4033
6629 5629
739 313
740 314
741 315
2534 4034
6630 5630
742 316
743 317
744 318
745 319
2535 4035
6631 5631
746 32
2536 4036
6632 5632
747 320
748 321
749 322
2537 4037
6633 5633
750 323
751 324
2538 4038
6634 5634
752 325
753 326
754 327
755 328
2539 4039
6635 5635
756 329
2540 4040
6636 5636
757 33
758 330
759 331
2541 4041
6637 5637
760 332
761 333
762 334
2542 4042
6638 5638
763 335
764 336
765 337
2543 4043
6639 5639
766 338
767 339
2544 4044
6640 5640
768 34
769 340
2545 4045
6641 5641
770 341
771 342
772 343
2546 4046
6642 5642
773 344
774 345
2547 4047
6643 5643
775 346
776 347
777 348
2548 4048
6644 5644
778 349
2549 4049
6645 5645
779 35
780 350
2550 4050
6646 5646
781 351
782 352
783 353
2551 4051
6647 5647
784 354
785 355
786 356
2552 4052
6648 5648
787 357
788 358
789 359
2553 4053
6649 5649
790 36
2554 4054
6650 5650
791 360
792 361
793 362
2555 4055
6651 5651
794 363
795 364
796 365
2556 4056
6652 5652
797 366
798 367
799 368
2557 4057
6653 5653
800 369
2558 4058
6654 5654
801 37
802 370
803 371
2559 4059
804 372
805 373
806 374
2560 4060
807 375
808 376
809 377
2561 4061
810 378
811 379
2562 4062
812 38
813 380
2563 4063
814 381
815 382
816 383
2564 4064
817 384
818 385
819 386
2565 4065
820 387
821 388
822 389
2566 4066
823 39
2567 4067
824 390
825 391
826 392
2568 4068
827 393
828 394
829 395
830 396
2569 4069
831 397
832 398
833 399
2570 4070
2571 4071
2572 4072
834 4
2573 4073
835 40
836 400
2574 4074
837 401
838 402
839 403
2575 4075
840 404
841 405
842 406
2576 4076
843 407
844 408
845 409
2577 4077
2578 4078
846 41
847 410
848 411
2579 4079
849 412
850 413
851 414
2580 4080
852 415
853 416
854 417
2581 4081
855 418
856 419
2582 4082
857 42
858 420
2583 4083
859 421
860 422
861 423
2584 4084
862 424
863 425
864 426
2585 4085
865 427
866 428
867 429
2586 4086
868 43
2587 4087
869 430
870 431
871 432
872 433
2588 4088
873 434
874 435
2589 4089
875 436
876 437
877 438
2590 4090
878 439
2591 4091
879 44
880 440
881 441
2592 4092
882 442
883 443
884 444
2593 4093
885 445
886 446
887 447
2594 4094
888 448
889 449
2595 4095
890 45
891 450
2596 4096
892 451
893 452
894 453
2597 4097
895 454
896 455
897 456
2598 4098
898 457
899 458
900 459
2599 4099
2600 4100
2601 4101
901 46
2602 4102
902 460
2603 4103
903 461
2604 4104
904 462
2605 4105
905 463
2606 4106
906 464
2607 4107
907 465
2608 4108
908 466
2609 4109
909 467
2610 4110
910 468
2611 4111
911 469
2612 4112
2613 4113
2614 4114
912 47
2615 4115
913 470
2616 4116
914 471
2617 4117
915 472
2618 4118
916 473
2619 4119
917 474
2620 4120
918 475
2621 4121
919 476
2622 4122
920 477
2623 4123
921 478
2624 4124
922 479
2625 4125
2626 4126
923 48
2627 4127
924 480
2628 4128
925 481
2629 4129
926 482
2630 4130
2631 4131
927 483
2632 4132
928 484
2633 4133
929 485
2634 4134
930 486
2635 4135
931 487
2636 4136
932 488
2637 4137
933 489
2638 4138
2639 4139
2640 4140
934 49
2641 4141
935 490
2642 4142
936 491
2643 4143
937 492
2644 4144
938 493
2645 4145
939 494
2646 4146
940 495
2647 4147
941 496
2648 4148
942 497
2649 4149
943 498
2650 4150
944 499
2651 4151
2652 4152
2653 4153
2654 4154
2655 4155
2656 4156
2657 4157
2658 4158
2659 4159
945 5
2660 4160
2661 4161
2662 4162
946 50
2663 4163
2664 4164
2665 4165
947 51
2666 4166
2667 4167
2668 4168
948 52
2669 4169
2670 4170
2671 4171
949 53
2672 4172
2673 4173
2674 4174
950 54
2675 4175
2676 4176
2677 4177
951 55
2678 4178
2679 4179
2680 4180
952 56
2681 4181
2682 4182
2683 4183
953 57
2684 4184
2685 4185
2686 4186
954 58
2687 4187
2688 4188
2689 4189
955 59
2690 4190
2691 4191
2692 4192
2693 4193
2694 4194
2695 4195
2696 4196
2697 4197
2698 4198
956 6
2699 4199
2700 4200
2701 4201
957 60
2702 4202
2703 4203
2704 4204
958 61
2705 4205
2706 4206
2707 4207
2708 4208
959 62
2709 4209
2710 4210
2711 4211
960 63
2712 4212
2713 4213
2714 4214
961 64
2715 4215
2716 4216
2717 4217
962 65
2718 4218
2719 4219
2720 4220
963 66
2721 4221
2722 4222
2723 4223
964 67
2724 4224
2725 4225
2726 4226
965 68
2727 4227
2728 4228
2729 4229
966 69
2730 4230
2731 4231
2732 4232
2733 4233
2734 4234
2735 4235
2736 4236
2737 4237
2738 4238
967 7
2739 4239
2740 4240
2741 4241
968 70
2742 4242
2743 4243
2744 4244
969 71
2745 4245
2746 4246
970 72
2747 4247
2748 4248
2749 4249
971 73
2750 4250
2751 4251
2752 4252
972 74
2753 4253
2754 4254
2755 4255
973 75
2756 4256
2757 4257
2758 4258
2759 4259
974 76
2760 4260
2761 4261
975 77
2762 4262
2763 4263
2764 4264
976 78
2765 4265
2766 4266
2767 4267
977 79
2768 4268
2769 4269
2770 4270
2771 4271
2772 4272
2773 4273
2774 4274
2775 4275
2776 4276
978 8
2777 4277
2778 4278
2779 4279
979 80
2780 4280
2781 4281
2782 4282
980 81
2783 4283
2784 4284
2785 4285
981 82
2786 4286
2787 4287
2788 4288
982 83
2789 4289
2790 4290
2791 4291
983 84
2792 4292
2793 4293
2794 4294
984 85
2795 4295
2796 4296
2797 4297
985 86
2798 4298
2799 4299
2800 4300
986 87
2801 4301
2802 4302
2803 4303
987 88
2804 4304
2805 4305
2806 4306
988 89
2807 4307
2808 4308
2809 4309
2810 4310
2811 4311
2812 4312
2813 4313
2814 4314
2815 4315
989 9
2816 4316
2817 4317
2818 4318
990 90
2819 4319
2820 4320
2821 4321
991 91
2822 4322
2823 4323
2824 4324
992 92
2825 4325
2826 4326
2827 4327
993 93
2828 4328
2829 4329
2830 4330
994 94
2831 4331
2832 4332
2833 4333
995 95
2834 4334
2835 4335
2836 4336
996 96
2837 4337
2838 4338
2839 4339
997 97
2840 4340
2841 4341
2842 4342
998 98
2843 4343
2844 4344
2845 4345
999 99
2846 4346
2847 4347
2848 4348
2849 4349
2850 4350
2851 4351
2852 4352
2853 4353
1000 3000
2854 4354
2855 4355
2856 4356
2857 4357
2858 4358
2859 4359
2860 4360
2861 4361
2862 4362
1001 3001
2863 4363
2864 4364
2865 4365
2866 4366
2867 4367
2868 4368
2869 4369
2870 4370
1002 3002
2871 4371
2872 4372
2873 4373
2874 4374
2875 4375
2876 4376
2877 4377
2878 4378
2879 4379
1003 3003
2880 4380
2881 4381
2882 4382
2883 4383
2884 4384
2885 4385
2886 4386
2887 4387
2888 4388
1004 3004
2889 4389
2890 4390
2891 4391
2892 4392
2893 4393
2894 4394
2895 4395
2896 4396
2897 4397
1005 3005
2898 4398
2899 4399
2900 4400
2901 4401
2902 4402
2903 4403
6655 5655
4782 2782
2904 4404
6656 5656
4783 2783
2905 4405
6657 5657
2906 4406
4784 2784
1006 3006
6658 5658
4785 2785
2907 4407
6659 5659
4786 2786
2908 4408
6660 5660
2909 4409
4787 2787
6661 5661
2910 4410
4788 2788
6662 5662
2911 4411
4789 2789
6663 5663
2912 4412
4790 2790
6664 5664
2913 4413
4791 2791
6665 5665
2914 4414
4792 2792
6666 5666
2915 4415
1007 3007
4793 2793
6667 5667
2916 4416
4794 2794
6668 5668
2917 4417
4795 2795
6669 5669
2918 4418
4796 2796
6670 5670
2919 4419
4797 2797
6671 5671
2920 4420
4798 2798
6672 5672
2921 4421
4799 2799
2922 4422
6673 5673
4800 2800
6674 5674
2923 4423
4801 2801
1008 3008
6675 5675
2924 4424
4802 2802
6676 5676
2925 4425
4803 2803
6677 5677
2926 4426
4804 2804
6678 5678
2927 4427
4805 2805
6679 5679
2928 4428
4806 2806
6680 5680
2929 4429
4807 2807
6681 5681
2930 4430
4808 2808
2931 4431
6682 5682
4809 2809
2932 4432
1009 3009
6683 5683
4810 2810
2933 4433
6684 5684
4811 2811
2934 4434
6685 5685
4812 2812
2935 4435
1010 3010
6686 5686
4813 2813
2936 4436
4814 2814
6687 5687
2937 4437
4815 2815
6688 5688
2938 4438
4816 2816
6689 5689
1011 3011
2939 4439
4817 2817
6690 5690
2940 4440
6691 5691
4818 2818
2941 4441
6692 5692
4819 2819
1012 3012
2942 4442
6693 5693
4820 2820
2943 4443
6694 5694
4821 2821
2944 4444
6695 5695
4822 2822
2945 4445
1013 3013
6696 5696
4823 2823
2946 4446
6697 5697
4824 2824
2947 4447
6698 5698
4825 2825
2948 4448
1014 3014
6699 5699
4826 2826
2949 4449
6700 5700
4827 2827
2950 4450
6701 5701
2951 4451
4828 2828
1015 3015
6702 5702
2952 4452
4829 2829
6703 5703
2953 4453
4830 2830
6704 5704
1016 3016
2954 4454
4831 2831
6705 5705
4832 2832
2955 4455
6706 5706
4833 2833
2956 4456
6707 5707
1017 3017
4834 2834
2957 4457
6708 5708
4835 2835
2958 4458
6709 5709
4836 2836
2959 4459
6710 5710
1018 3018
4837 2837
2960 4460
6711 5711
4838 2838
2961 4461
6712 5712
4839 2839
6713 5713
2962 4462
1019 3019
4840 2840
6714 5714
2963 4463
4841 2841
6715 5715
2964 4464
4842 2842
6716 5716
2965 4465
4843 2843
1020 3020
6717 5717
2966 4466
4844 2844
2967 4467
6718 5718
4845 2845
2968 4468
6719 5719
4846 2846
1021 3021
2969 4469
6720 5720
4847 2847
2970 4470
6721 5721
4848 2848
2971 4471
6722 5722
4849 2849
1022 3022
2972 4472
6723 5723
4850 2850
2973 4473
6724 5724
4851 2851
2974 4474
6725 5725
4852 2852
1023 3023
2975 4475
6726 5726
4853 2853
2976 4476
6727 5727
4854 2854
2977 4477
6728 5728
4855 2855
1024 3024
2978 4478
6729 5729
4856 2856
2979 4479
6730 5730
4857 2857
2980 4480
6731 5731
4858 2858
1025 3025
2981 4481
6732 5732
4859 2859
2982 4482
6733 5733
4860 2860
2983 4483
6734 5734
4861 2861
1026 3026
2984 4484
6735 5735
4862 2862
2985 4485
6736 5736
4863 2863
2986 4486
1027 3027
6737 5737
4864 2864
2987 4487
6738 5738
2988 4488
4865 2865
6739 5739
2989 4489
1028 3028
4866 2866
6740 5740
2990 4490
4867 2867
6741 5741
2991 4491
4868 2868
6742 5742
1029 3029
2992 4492
4869 2869
6743 5743
2993 4493
4870 2870
6744 5744
2994 4494
4871 2871
6745 5745
2995 4495
1030 3030
4872 2872
6746 5746
2996 4496
4873 2873
6747 5747
2997 4497
4874 2874
6748 5748
2998 4498
1031 3031
4875 2875
6749 5749
2999 4499
4876 2876
6750 5750
4877 2877
6751 5751
4878 2878
1032 3032
6752 5752
4879 2879
6753 5753
4880 2880
6754 5754
4881 2881
1033 3033
6755 5755
4882 2882
6756 5756
4883 2883
6757 5757
4884 2884
1034 3034
3000 1000
6758 5758
4885 2885
6759 5759
4886 2886
6760 5760
4887 2887
1035 3035
6761 5761
4888 2888
6762 5762
4889 2889
6763 5763
4890 2890
1036 3036
6764 5764
4891 2891
6765 5765
4892 2892
6766 5766
3001 1001
4893 2893
1037 3037
6767 5767
4894 2894
6768 5768
4895 2895
6769 5769
4896 2896
1038 3038
6770 5770
4897 2897
6771 5771
4898 2898
6772 5772
1039 3039
4899 2899
6773 5773
4900 2900
6774 5774
3002 1002
4901 2901
6775 5775
1040 3040
4902 2902
6776 5776
4903 2903
6777 5777
4904 2904
6778 5778
1041 3041
4905 2905
6779 5779
4906 2906
6780 5780
4907 2907
6781 5781
1042 3042
4908 2908
6782 5782
4909 2909
6783 5783
3003 1003
4910 2910
6784 5784
1043 3043
4911 2911
6785 5785
4912 2912
6786 5786
4913 2913
6787 5787
1044 3044
6788 5788
4914 2914
6789 5789
4915 2915
6790 5790
4916 2916
1045 3045
6791 5791
4917 2917
3004 1004
6792 5792
4918 2918
6793 5793
4919 2919
1046 3046
6794 5794
4920 2920
6795 5795
4921 2921
6796 5796
4922 2922
1047 3047
6797 5797
4923 2923
6798 5798
4924 2924
6799 5799
4925 2925
1048 3048
6800 5800
4926 2926
3005 1005
6801 5801
4927 2927
6802 5802
4928 2928
1049 3049
6803 5803
4929 2929
6804 5804
4930 2930
6805 5805
4931 2931
6806 5806
1050 3050
4932 2932
6807 5807
4933 2933
6808 5808
4934 2934
6809 5809
3006 1006
1051 3051
4935 2935
6810 5810
4936 2936
6811 5811
4937 2937
6812 5812
1052 3052
4938 2938
6813 5813
4939 2939
6814 5814
4940 2940
6815 5815
1053 3053
4941 2941
6816 5816
4942 2942
6817 5817
4943 2943
3007 1007
6818 5818
4944 2944
1054 3054
6819 5819
4945 2945
6820 5820
4946 2946
6821 5821
4947 2947
1055 3055
6822 5822
4948 2948
6823 5823
4949 2949
6824 5824
4950 2950
1056 3056
6825 5825
4951 2951
6826 5826
3008 1008
4952 2952
6827 5827
4953 2953
1057 3057
6828 5828
4954 2954
6829 5829
4955 2955
6830 5830
4956 2956
6831 5831
1058 3058
4957 2957
6832 5832
4958 2958
6833 5833
4959 2959
6834 5834
1059 3059
4960 2960
3009 1009
6835 5835
4961 2961
6836 5836
4962 2962
6837 5837
1060 3060
4963 2963
3010 1010
6838 5838
4964 2964
6839 5839
4965 2965
6840 5840
1061 3061
4966 2966
3011 1011
6841 5841
4967 2967
6842 5842
4968 2968
6843 5843
1062 3062
3012 1012
6844 5844
4969 2969
6845 5845
4970 2970
6846 5846
1063 3063
3013 1013
4971 2971
6847 5847
4972 2972
6848 5848
4973 2973
6849 5849
1064 3064
3014 1014
4974 2974
6850 5850
4975 2975
6851 5851
6852 5852
4976 2976
3015 1015
1065 3065
6853 5853
4977 2977
6854 5854
4978 2978
6855 5855
4979 2979
3016 1016
1066 3066
6856 5856
4980 2980
6857 5857
4981 2981
6858 5858
4982 2982
3017 1017
6859 5859
1067 3067
4983 2983
6860 5860
4984 2984
6861 5861
4985 2985
6862 5862
3018 1018
1068 3068
4986 2986
6863 5863
4987 2987
6864 5864
4988 2988
3019 1019
6865 5865
1069 3069
4989 2989
6866 5866
4990 2990
6867 5867
4991 2991
3020 1020
6868 5868
1070 3070
4992 2992
6869 5869
4993 2993
6870 5870
4994 2994
3021 1021
6871 5871
1071 3071
4995 2995
6872 5872
4996 2996
6873 5873
4997 2997
3022 1022
1072 3072
6874 5874
4998 2998
6875 5875
4999 2999
6876 5876
3023 1023
1073 3073
6877 5877
6878 5878
6879 5879
3024 1024
6880 5880
1074 3074
6881 5881
6882 5882
3025 1025
6883 5883
1075 3075
6884 5884
5000 6500
6885 5885
3026 1026
6886 5886
1076 3076
6887 5887
6888 5888
3027 1027
6889 5889
1077 3077
6890 5890
6891 5891
3028 1028
6892 5892
1078 3078
5001 6501
6893 5893
6894 5894
3029 1029
6895 5895
1079 3079
6896 5896
6897 5897
3030 1030
6898 5898
1080 3080
6899 5899
6900 5900
3031 1031
6901 5901
5002 6502
1081 3081
6902 5902
6903 5903
6904 5904
3032 1032
1082 3082
6905 5905
6906 5906
6907 5907
3033 1033
1083 3083
6908 5908
6909 5909
6910 5910
5003 6503
3034 1034
6911 5911
1084 3084
6912 5912
6913 5913
3035 1035
6914 5914
1085 3085
6915 5915
6916 5916
3036 1036
6917 5917
1086 3086
6918 5918
5004 6504
6919 5919
3037 1037
6920 5920
1087 3087
6921 5921
6922 5922
6923 5923
3038 1038
1088 3088
6924 5924
6925 5925
6926 5926
3039 1039
1089 3089
6927 5927
5005 6505
6928 5928
6929 5929
3040 1040
1090 3090
6930 5930
6931 5931
6932 5932
3041 1041
1091 3091
6933 5933
6934 5934
6935 5935
3042 1042
1092 3092
6936 5936
5006 6506
6937 5937
6938 5938
3043 1043
1093 3093
6939 5939
6940 5940
6941 5941
3044 1044
6942 5942
1094 3094
6943 5943
6944 5944
3045 1045
5007 6507
6945 5945
1095 3095
6946 5946
6947 5947
3046 1046
6948 5948
1096 3096
6949 5949
6950 5950
3047 1047
6951 5951
1097 3097
6952 5952
6953 5953
5008 6508
3048 1048
6954 5954
1098 3098
6955 5955
6956 5956
3049 1049
6957 5957
1099 3099
6958 5958
1100 3100
6959 5959
3050 1050
1101 3101
6960 5960
1102 3102
6961 5961
1103 3103
5009 6509
6962 5962
3051 1051
1104 3104
6963 5963
1105 3105
6964 5964
1106 3106
5010 6510
6965 5965
3052 1052
1107 3107
6966 5966
1108 3108
6967 5967
1109 3109
5011 6511
6968 5968
3053 1053
1110 3110
6969 5969
1111 3111
6970 5970
1112 3112
5012 6512
6971 5971
1113 3113
3054 1054
6972 5972
1114 3114
6973 5973
1115 3115
5013 6513
6974 5974
1116 3116
3055 1055
6975 5975
1117 3117
6976 5976
1118 3118
5014 6514
6977 5977
1119 3119
3056 1056
6978 5978
1120 3120
6979 5979
1121 3121
5015 6515
6980 5980
1122 3122
3057 1057
6981 5981
1123 3123
6982 5982
1124 3124
5016 6516
6983 5983
1125 3125
3058 1058
6984 5984
1126 3126
6985 5985
1127 3127
5017 6517
6986 5986
1128 3128
3059 1059
6987 5987
1129 3129
6988 5988
1130 3130
5018 6518
6989 5989
1131 3131
6990 5990
3060 1060
1132 3132
6991 5991
1133 3133
5019 6519
6992 5992
1134 3134
6993 5993
3061 1061
1135 3135
6994 5994
1136 3136
5020 6520
6995 5995
1137 3137
6996 5996
1138 3138
3062 1062
6997 5997
1139 3139
5021 6521
6998 5998
1140 3140
6999 5999
1141 3141
3063 1063
1142 3142
5022 6522
1143 3143
1144 3144
3064 1064
1145 3145
5023 6523
1146 3146
1147 3147
3065 1065
1148 3148
5024 6524
1149 3149
7000 4500
1150 3150
3066 1066
1151 3151
5025 6525
1152 3152
1153 3153
1154 3154
3067 1067
5026 6526
1155 3155
1156 3156
1157 3157
3068 1068
5027 6527
1158 3158
7001 4501
1159 3159
1160 3160
3069 1069
5028 6528
1161 3161
1162 3162
1163 3163
3070 1070
5029 6529
1164 3164
1165 3165
1166 3166
3071 1071
5030 6530
7002 4502
1167 3167
1168 3168
1169 3169
3072 1072
5031 6531
1170 3170
1171 3171
1172 3172
3073 1073
5032 6532
1173 3173
1174 3174
1175 3175
5033 6533
1176 3176
3074 1074
7003 4503
1177 3177
1178 3178
5034 6534
1179 3179
3075 1075
1180 3180
1181 3181
5035 6535
1182 3182
3076 1076
1183 3183
1184 3184
7004 4504
1185 3185
5036 6536
3077 1077
1186 3186
1187 3187
1188 3188
5037 6537
3078 1078
1189 3189
1190 3190
1191 3191
5038 6538
3079 1079
1192 3192
1193 3193
7005 4505
1194 3194
5039 6539
3080 1080
1195 3195
1196 3196
1197 3197
5040 6540
3081 1081
1198 3198
1199 3199
1200 3200
5041 6541
3082 1082
1201 3201
7006 4506
1202 3202
1203 3203
5042 6542
3083 1083
1204 3204
1205 3205
1206 3206
5043 6543
3084 1084
1207 3207
1208 3208
1209 3209
5044 6544
1210 3210
3085 1085
7007 4507
1211 3211
1212 3212
5045 6545
1213 3213
3086 1086
1214 3214
1215 3215
5046 6546
1216 3216
3087 1087
1217 3217
1218 3218
5047 6547
1219 3219
7008 4508
3088 1088
1220 3220
1221 3221
5048 6548
1222 3222
3089 1089
1223 3223
1224 3224
5049 6549
1225 3225
3090 1090
1226 3226
1227 3227
7009 4509
1228 3228
5050 6550
3091 1091
1229 3229
1230 3230
7010 4510
5051 6551
1231 3231
3092 1092
1232 3232
1233 3233
7011 4511
1234 3234
5052 6552
3093 1093
1235 3235
1236 3236
7012 4512
1237 3237
5053 6553
3094 1094
1238 3238
1239 3239
7013 4513
1240 3240
5054 6554
1241 3241
3095 1095
1242 3242
1243 3243
7014 4514
5055 6555
1244 3244
3096 1096
1245 3245
1246 3246
7015 4515
5056 6556
1247 3247
3097 1097
1248 3248
1249 3249
7016 4516
5057 6557
1250 3250
3098 1098
1251 3251
1252 3252
7017 4517
5058 6558
1253 3253
3099 1099
1254 3254
3100 1100
1255 3255
7018 4518
3101 1101
5059 6559
1256 3256
3102 1102
1257 3257
3103 1103
1258 3258
7019 4519
3104 1104
1259 3259
5060 6560
3105 1105
1260 3260
3106 1106
1261 3261
7020 4520
3107 1107
1262 3262
5061 6561
3108 1108
1263 3263
3109 1109
1264 3264
7021 4521
3110 1110
1265 3265
5062 6562
3111 1111
1266 3266
3112 1112
1267 3267
7022 4522
3113 1113
1268 3268
5063 6563
3114 1114
1269 3269
3115 1115
1270 3270
7023 4523
3116 1116
5064 6564
1271 3271
3117 1117
1272 3272
3118 1118
1273 3273
7024 4524
3119 1119
1274 3274
5065 6565
3120 1120
1275 3275
3121 1121
1276 3276
7025 4525
3122 1122
1277 3277
5066 6566
3123 1123
1278 3278
3124 1124
1279 3279
7026 4526
3125 1125
1280 3280
5067 6567
3126 1126
1281 3281
3127 1127
1282 3282
7027 4527
3128 1128
1283 3283
5068 6568
3129 1129
1284 3284
3130 1130
1285 3285
7028 4528
3131 1131
1286 3286
5069 6569
3132 1132
1287 3287
1288 3288
3133 1133
7029 4529
3134 1134
1289 3289
5070 6570
3135 1135
1290 3290
3136 1136
7030 4530
1291 3291
3137 1137
1292 3292
5071 6571
3138 1138
1293 3293
3139 1139
1294 3294
7031 4531
3140 1140
1295 3295
5072 6572
1296 3296
3141 1141
3142 1142
1297 3297
7032 4532
3143 1143
1298 3298
5073 6573
3144 1144
1299 3299
3145 1145
1300 3300
7033 4533
3146 1146
1301 3301
5074 6574
3147 1147
1302 3302
3148 1148
1303 3303
7034 4534
3149 1149
1304 3304
5075 6575
3150 1150
1305 3305
3151 1151
1306 3306
7035 4535
3152 1152
1307 3307
5076 6576
3153 1153
1308 3308
3154 1154
1309 3309
7036 4536
3155 1155
1310 3310
3156 1156
5077 6577
1311 3311
3157 1157
1312 3312
7037 4537
3158 1158
1313 3313
3159 1159
5078 6578
1314 3314
3160 1160
1315 3315
7038 4538
3161 1161
1316 3316
3162 1162
5079 6579
1317 3317
3163 1163
1318 3318
3164 1164
7039 4539
1319 3319
3165 1165
5080 6580
7040 4540
3166 1166
1320 3320
3167 1167
1321 3321
5081 6581
3168 1168
1322 3322
7041 4541
3169 1169
1323 3323
3170 1170
1324 3324
5082 6582
3171 1171
1325 3325
7042 4542
3172 1172
1326 3326
3173 1173
1327 3327
3174 1174
5083 6583
1328 3328
7043 4543
3175 1175
1329 3329
3176 1176
1330 3330
3177 1177
5084 6584
1331 3331
7044 4544
3178 1178
1332 3332
3179 1179
1333 3333
3180 1180
5085 6585
7045 4545
1334 3334
3181 1181
1335 3335
3182 1182
1336 3336
5086 6586
7046 4546
3183 1183
1337 3337
3184 1184
1338 3338
3185 1185
5087 6587
7047 4547
1339 3339
3186 1186
1340 3340
3187 1187
1341 3341
5088 6588
3188 1188
1342 3342
7048 4548
3189 1189
1343 3343
3190 1190
1344 3344
5089 6589
3191 1191
1345 3345
7049 4549
3192 1192
1346 3346
3193 1193
1347 3347
5090 6590
3194 1194
1348 3348
7050 4550
3195 1195
1349 3349
3196 1196
1350 3350
5091 6591
7051 4551
3197 1197
1351 3351
3198 1198
1352 3352
3199 1199
5092 6592
1353 3353
7052 4552
3200 1200
1354 3354
3201 1201
1355 3355
3202 1202
1356 3356
5093 6593
3203 1203
7053 4553
1357 3357
3204 1204
1358 3358
3205 1205
5094 6594
1359 3359
3206 1206
7054 4554
1360 3360
3207 1207
1361 3361
3208 1208
5095 6595
1362 3362
3209 1209
7055 4555
1363 3363
3210 1210
1364 3364
3211 1211
5096 6596
1365 3365
7056 4556
3212 1212
1366 3366
3213 1213
1367 3367
5097 6597
1368 3368
3214 1214
7057 4557
1369 3369
3215 1215
1370 3370
3216 1216
1371 3371
5098 6598
3217 1217
7058 4558
1372 3372
3218 1218
1373 3373
3219 1219
1374 3374
5099 6599
3220 1220
7059 4559
1375 3375
5100 6600
3221 1221
1376 3376
5101 6601
3222 1222
1377 3377
5102 6602
3223 1223
7060 4560
1378 3378
5103 6603
3224 1224
1379 3379
5104 6604
3225 1225
1380 3380
5105 6605
3226 1226
1381 3381
7061 4561
5106 6606
3227 1227
1382 3382
5107 6607
3228 1228
1383 3383
5108 6608
3229 1229
1384 3384
5109 6609
7062 4562
3230 1230
1385 3385
5110 6610
3231 1231
1386 3386
5111 6611
3232 1232
1387 3387
5112 6612
7063 4563
3233 1233
1388 3388
5113 6613
3234 1234
1389 3389
5114 6614
3235 1235
1390 3390
5115 6615
7064 4564
3236 1236
1391 3391
5116 6616
3237 1237
1392 3392
5117 6617
3238 1238
1393 3393
5118 6618
3239 1239
7065 4565
1394 3394
5119 6619
3240 1240
1395 3395
5120 6620
3241 1241
1396 3396
5121 6621
3242 1242
7066 4566
5122 6622
1397 3397
3243 1243
1398 3398
5123 6623
3244 1244
1399 3399
5124 6624
3245 1245
7067 4567
5125 6625
1400 3400
3246 1246
5126 6626
1401 3401
3247 1247
5127 6627
1402 3402
3248 1248
7068 4568
5128 6628
1403 3403
3249 1249
5129 6629
1404 3404
3250 1250
5130 6630
1405 3405
3251 1251
7069 4569
5131 6631
1406 3406
3252 1252
3253 1253
7070 4570
1407 3407
5132 6632
3254 1254
1408 3408
3255 1255
5133 6633
7071 4571
5134 6634
3256 1256
1409 3409
5135 6635
3257 1257
1410 3410
5136 6636
3258 1258
1411 3411
7072 4572
5137 6637
1412 3412
3259 1259
5138 6638
1413 3413
3260 1260
5139 6639
1414 3414
3261 1261
7073 4573
5140 6640
3262 1262
1415 3415
5141 6641
1416 3416
3263 1263
5142 6642
1417 3417
3264 1264
7074 4574
5143 6643
1418 3418
3265 1265
5144 6644
1419 3419
3266 1266
5145 6645
1420 3420
3267 1267
7075 4575
5146 6646
1421 3421
3268 1268
5147 6647
1422 3422
3269 1269
5148 6648
1423 3423
7076 4576
3270 1270
5149 6649
1424 3424
3271 1271
5150 6650
1425 3425
3272 1272
5151 6651
3273 1273
7077 4577
1426 3426
5152 6652
3274 1274
1427 3427
5153 6653
3275 1275
5154 6654
1428 3428
3276 1276
7078 4578
5155 6655
1429 3429
3277 1277
5156 6656
1430 3430
3278 1278
5157 6657
1431 3431
7079 4579
5158 6658
3279 1279
1432 3432
5159 6659
3280 1280
1433 3433
5160 6660
7080 4580
3281 1281
1434 3434
5161 6661
3282 1282
1435 3435
5162 6662
3283 1283
1436 3436
7081 4581
5163 6663
3284 1284
1437 3437
5164 6664
3285 1285
1438 3438
5165 6665
3286 1286
1439 3439
7082 4582
5166 6666
3287 1287
1440 3440
5167 6667
3288 1288
1441 3441
5168 6668
3289 1289
1442 3442
5169 6669
7083 4583
3290 1290
1443 3443
5170 6670
3291 1291
1444 3444
5171 6671
3292 1292
1445 3445
5172 6672
7084 4584
3293 1293
1446 3446
5173 6673
3294 1294
1447 3447
5174 6674
3295 1295
1448 3448
7085 4585
5175 6675
3296 1296
1449 3449
5176 6676
3297 1297
1450 3450
3298 1298
5177 6677
7086 4586
1451 3451
3299 1299
5178 6678
1452 3452
5179 6679
3300 1300
1453 3453
5180 6680
3301 1301
1454 3454
7087 4587
5181 6681
3302 1302
1455 3455
5182 6682
3303 1303
1456 3456
5183 6683
3304 1304
7088 4588
3305 1305
5184 6684
1457 3457
5185 6685
3306 1306
7089 4589
1458 3458
5186 6686
3307 1307
1459 3459
5187 6687
3308 1308
1460 3460
5188 6688
7090 4590
3309 1309
1461 3461
5189 6689
3310 1310
1462 3462
5190 6690
3311 1311
5191 6691
1463 3463
7091 4591
3312 1312
5192 6692
1464 3464
3313 1313
5193 6693
1465 3465
3314 1314
5194 6694
7092 4592
1466 3466
3315 1315
5195 6695
1467 3467
3316 1316
5196 6696
1468 3468
3317 1317
7093 4593
5197 6697
1469 3469
3318 1318
5198 6698
1470 3470
3319 1319
5199 6699
1471 3471
3320 1320
5200 6700
7094 4594
1472 3472
3321 1321
5201 6701
1473 3473
3322 1322
5202 6702
1474 3474
3323 1323
5203 6703
7095 4595
1475 3475
3324 1324
5204 6704
1476 3476
5205 6705
3325 1325
1477 3477
5206 6706
3326 1326
7096 4596
1478 3478
5207 6707
3327 1327
1479 3479
5208 6708
3328 1328
1480 3480
5209 6709
7097 4597
3329 1329
1481 3481
5210 6710
3330 1330
1482 3482
5211 6711
3331 1331
1483 3483
5212 6712
7098 4598
3332 1332
1484 3484
5213 6713
3333 1333
1485 3485
5214 6714
3334 1334
1486 3486
5215 6715
7099 4599
3335 1335
1487 3487
5216 6716
7100 4600
3336 1336
1488 3488
5217 6717
7101 4601
3337 1337
1489 3489
5218 6718
7102 4602
3338 1338
1490 3490
5219 6719
7103 4603
3339 1339
1491 3491
5220 6720
7104 4604
3340 1340
1492 3492
5221 6721
7105 4605
3341 1341
1493 3493
5222 6722
7106 4606
3342 1342
1494 3494
5223 6723
7107 4607
3343 1343
1495 3495
5224 6724
7108 4608
3344 1344
1496 3496
5225 6725
7109 4609
3345 1345
1497 3497
5226 6726
7110 4610
3346 1346
1498 3498
5227 6727
7111 4611
3347 1347
1499 3499
5228 6728
7112 4612
3348 1348
5229 6729
7113 4613
3349 1349
5230 6730
7114 4614
5231 6731
3350 1350
7115 4615
5232 6732
3351 1351
7116 4616
3352 1352
5233 6733
7117 4617
3353 1353
5234 6734
7118 4618
3354 1354
5235 6735
7119 4619
3355 1355
5236 6736
7120 4620
1500 2000
3356 1356
7121 4621
5237 6737
3357 1357
7122 4622
5238 6738
3358 1358
7123 4623
5239 6739
3359 1359
7124 4624
5240 6740
3360 1360
7125 4625
5241 6741
3361 1361
7126 4626
5242 6742
3362 1362
7127 4627
5243 6743
3363 1363
7128 4628
5244 6744
1501 2001
3364 1364
7129 4629
5245 6745
3365 1365
7130 4630
5246 6746
3366 1366
7131 4631
5247 6747
3367 1367
7132 4632
5248 6748
3368 1368
7133 4633
5249 6749
3369 1369
7134 4634
5250 6750
3370 1370
7135 4635
5251 6751
3371 1371
7136 4636
5252 6752
3372 1372
7137 4637
1502 2002
5253 6753
3373 1373
7138 4638
5254 6754
3374 1374
7139 4639
5255 6755
3375 1375
7140 4640
5256 6756
3376 1376
7141 4641
5257 6757
3377 1377
7142 4642
5258 6758
7143 4643
3378 1378
5259 6759
7144 4644
3379 1379
5260 6760
1503 2003
3380 1380
7145 4645
3381 1381
5261 6761
7146 4646
3382 1382
5262 6762
7147 4647
3383 1383
5263 6763
7148 4648
3384 1384
5264 6764
7149 4649
3385 1385
5265 6765
7150 4650
3386 1386
5266 6766
7151 4651
3387 1387
5267 6767
7152 4652
3388 1388
5268 6768
7153 4653
1504 2004
3389 1389
5269 6769
7154 4654
3390 1390
5270 6770
7155 4655
3391 1391
5271 6771
7156 4656
3392 1392
5272 6772
7157 4657
3393 1393
5273 6773
7158 4658
3394 1394
5274 6774
7159 4659
3395 1395
5275 6775
7160 4660
3396 1396
5276 6776
7161 4661
3397 1397
1505 2005
5277 6777
7162 4662
3398 1398
5278 6778
7163 4663
3399 1399
5279 6779
7164 4664
3400 1400
5280 6780
7165 4665
3401 1401
5281 6781
7166 4666
3402 1402
5282 6782
7167 4667
3403 1403
5283 6783
7168 4668
3404 1404
5284 6784
7169 4669
3405 1405
5285 6785
7170 4670
3406 1406
1506 2006
5286 6786
7171 4671
3407 1407
5287 6787
7172 4672
3408 1408
5288 6788
7173 4673
3409 1409
5289 6789
7174 4674
3410 1410
5290 6790
7175 4675
3411 1411
5291 6791
7176 4676
3412 1412
5292 6792
7177 4677
3413 1413
5293 6793
7178 4678
3414 1414
5294 6794
1507 2007
7179 4679
3415 1415
5295 6795
7180 4680
3416 1416
5296 6796
7181 4681
3417 1417
5297 6797
7182 4682
3418 1418
5298 6798
7183 4683
3419 1419
5299 6799
7184 4684
3420 1420
5300 6800
7185 4685
3421 1421
5301 6801
7186 4686
3422 1422
5302 6802
7187 4687
3423 1423
5303 6803
1508 2008
7188 4688
3424 1424
5304 6804
7189 4689
3425 1425
5305 6805
7190 4690
5306 6806
3426 1426
7191 4691
5307 6807
3427 1427
7192 4692
5308 6808
3428 1428
7193 4693
5309 6809
3429 1429
7194 4694
5310 6810
3430 1430
7195 4695
5311 6811
3431 1431
7196 4696
5312 6812
1509 2009
3432 1432
7197 4697
5313 6813
3433 1433
7198 4698
5314 6814
3434 1434
7199 4699
1510 2010
7200 4700
3435 1435
5315 6815
7201 4701
3436 1436
5316 6816
7202 4702
5317 6817
1511 2011
3437 1437
7203 4703
5318 6818
3438 1438
7204 4704
5319 6819
3439 1439
7205 4705
5320 6820
1512 2012
3440 1440
7206 4706
5321 6821
3441 1441
7207 4707
5322 6822
3442 1442
7208 4708
5323 6823
1513 2013
3443 1443
7209 4709
5324 6824
3444 1444
7210 4710
5325 6825
3445 1445
7211 4711
5326 6826
1514 2014
3446 1446
7212 4712
5327 6827
3447 1447
7213 4713
5328 6828
3448 1448
7214 4714
5329 6829
1515 2015
3449 1449
7215 4715
5330 6830
3450 1450
7216 4716
5331 6831
3451 1451
7217 4717
5332 6832
1516 2016
3452 1452
7218 4718
5333 6833
3453 1453
7219 4719
5334 6834
3454 1454
7220 4720
5335 6835
1517 2017
3455 1455
7221 4721
5336 6836
3456 1456
7222 4722
5337 6837
3457 1457
7223 4723
5338 6838
1518 2018
3458 1458
7224 4724
5339 6839
3459 1459
7225 4725
5340 6840
3460 1460
7226 4726
5341 6841
1519 2019
3461 1461
7227 4727
5342 6842
3462 1462
5343 6843
7228 4728
3463 1463
5344 6844
7229 4729
3464 1464
7230 4730
1520 2020
5345 6845
3465 1465
7231 4731
5346 6846
3466 1466
7232 4732
5347 6847
3467 1467
7233 4733
1521 2021
3468 1468
5348 6848
7234 4734
5349 6849
3469 1469
7235 4735
1522 2022
3470 1470
5350 6850
7236 4736
3471 1471
5351 6851
7237 4737
3472 1472
5352 6852
7238 4738
1523 2023
3473 1473
5353 6853
7239 4739
3474 1474
5354 6854
7240 4740
3475 1475
5355 6855
7241 4741
1524 2024
3476 1476
5356 6856
7242 4742
3477 1477
5357 6857
7243 4743
3478 1478
5358 6858
7244 4744
1525 2025
3479 1479
5359 6859
7245 4745
3480 1480
5360 6860
7246 4746
3481 1481
7247 4747
5361 6861
3482 1482
1526 2026
7248 4748
5362 6862
3483 1483
7249 4749
5363 6863
3484 1484
7250 4750
5364 6864
3485 1485
1527 2027
7251 4751
5365 6865
3486 1486
7252 4752
5366 6866
3487 1487
7253 4753
5367 6867
3488 1488
1528 2028
7254 4754
3489 1489
5368 6868
3490 1490
5369 6869
7255 4755
3491 1491
5370 6870
7256 4756
1529 2029
3492 1492
5371 6871
7257 4757
3493 1493
5372 6872
7258 4758
3494 1494
5373 6873
7259 4759
1530 2030
3495 1495
5374 6874
7260 4760
3496 1496
7261 4761
5375 6875
3497 1497
5376 6876
7262 4762
1531 2031
3498 1498
7263 4763
5377 6877
3499 1499
7264 4764
5378 6878
7265 4765
1532 2032
5379 6879
7266 4766
5380 6880
7267 4767
5381 6881
7268 4768
5382 6882
1533 2033
7269 4769
5383 6883
7270 4770
5384 6884
7271 4771
5385 6885
3500 500
7272 4772
1534 2034
5386 6886
7273 4773
5387 6887
7274 4774
5388 6888
7275 4775
5389 6889
1535 2035
7276 4776
5390 6890
7277 4777
5391 6891
7278 4778
1536 2036
5392 6892
3501 501
7279 4779
5393 6893
7280 4780
5394 6894
7281 4781
1537 2037
5395 6895
7282 4782
5396 6896
7283 4783
5397 6897
7284 4784
5398 6898
1538 2038
7285 4785
5399 6899
7286 4786
5400 6900
7287 4787
5401 6901
1539 2039
3502 502
7288 4788
5402 6902
7289 4789
5403 6903
7290 4790
5404 6904
1540 2040
7291 4791
5405 6905
7292 4792
5406 6906
7293 4793
5407 6907
1541 2041
7294 4794
5408 6908
7295 4795
5409 6909
7296 4796
3503 503
5410 6910
1542 2042
7297 4797
5411 6911
7298 4798
5412 6912
7299 4799
5413 6913
1543 2043
7300 4800
5414 6914
7301 4801
5415 6915
7302 4802
5416 6916
1544 2044
7303 4803
5417 6917
7304 4804
5418 6918
7305 4805
3504 504
5419 6919
1545 2045
7306 4806
5420 6920
7307 4807
5421 6921
7308 4808
1546 2046
5422 6922
7309 4809
5423 6923
7310 4810
5424 6924
7311 4811
1547 2047
5425 6925
7312 4812
5426 6926
7313 4813
3505 505
5427 6927
7314 4814
1548 2048
5428 6928
7315 4815
5429 6929
7316 4816
5430 6930
7317 4817
1549 2049
5431 6931
7318 4818
5432 6932
7319 4819
5433 6933
7320 4820
1550 2050
5434 6934
7321 4821
5435 6935
3506 506
7322 4822
5436 6936
1551 2051
7323 4823
5437 6937
7324 4824
5438 6938
7325 4825
5439 6939
7326 4826
1552 2052
5440 6940
7327 4827
5441 6941
7328 4828
5442 6942
7329 4829
1553 2053
5443 6943
7330 4830
3507 507
5444 6944
7331 4831
5445 6945
7332 4832
1554 2054
5446 6946
7333 4833
5447 6947
7334 4834
5448 6948
7335 4835
1555 2055
5449 6949
7336 4836
5450 6950
7337 4837
5451 6951
7338 4838
1556 2056
3508 508
5452 6952
7339 4839
5453 6953
7340 4840
5454 6954
7341 4841
1557 2057
5455 6955
7342 4842
5456 6956
7343 4843
5457 6957
7344 4844
1558 2058
7345 4845
5458 6958
7346 4846
3509 509
5459 6959
7347 4847
5460 6960
1559 2059
7348 4848
5461 6961
7349 4849
3510 510
5462 6962
7350 4850
5463 6963
7351 4851
5464 6964
1560 2060
7352 4852
5465 6965
3511 511
7353 4853
5466 6966
7354 4854
5467 6967
1561 2061
7355 4855
5468 6968
3512 512
7356 4856
5469 6969
7357 4857
5470 6970
1562 2062
7358 4858
5471 6971
3513 513
7359 4859
5472 6972
7360 4860
5473 6973
1563 2063
7361 4861
5474 6974
3514 514
7362 4862
5475 6975
7363 4863
5476 6976
1564 2064
7364 4864
5477 6977
3515 515
7365 4865
5478 6978
7366 4866
5479 6979
1565 2065
7367 4867
5480 6980
3516 516
7368 4868
5481 6981
7369 4869
5482 6982
1566 2066
7370 4870
5483 6983
3517 517
7371 4871
5484 6984
7372 4872
5485 6985
1567 2067
7373 4873
5486 6986
3518 518
7374 4874
5487 6987
7375 4875
5488 6988
1568 2068
7376 4876
5489 6989
3519 519
7377 4877
5490 6990
7378 4878
5491 6991
1569 2069
7379 4879
5492 6992
3520 520
7380 4880
5493 6993
7381 4881
5494 6994
1570 2070
7382 4882
5495 6995
3521 521
7383 4883
5496 6996
7384 4884
5497 6997
1571 2071
7385 4885
5498 6998
3522 522
7386 4886
5499 6999
7387 4887
1572 2072
7388 4888
3523 523
7389 4889
7390 4890
1573 2073
7391 4891
3524 524
7392 4892
7393 4893
1574 2074
7394 4894
3525 525
5500 6000
7395 4895
7396 4896
1575 2075
7397 4897
3526 526
7398 4898
7399 4899
1576 2076
7400 4900
3527 527
7401 4901
7402 4902
1577 2077
5501 6001
7403 4903
3528 528
7404 4904
7405 4905
1578 2078
7406 4906
3529 529
7407 4907
7408 4908
1579 2079
7409 4909
3530 530
7410 4910
5502 6002
7411 4911
1580 2080
7412 4912
3531 531
7413 4913
7414 4914
1581 2081
7415 4915
3532 532
7416 4916
7417 4917
1582 2082
7418 4918
5503 6003
7419 4919
3533 533
7420 4920
1583 2083
7421 4921
7422 4922
3534 534
7423 4923
1584 2084
7424 4924
7425 4925
3535 535
7426 4926
1585 2085
7427 4927
5504 6004
7428 4928
3536 536
7429 4929
1586 2086
7430 4930
7431 4931
3537 537
7432 4932
1587 2087
7433 4933
7434 4934
3538 538
7435 4935
5505 6005
1588 2088
7436 4936
7437 4937
3539 539
7438 4938
1589 2089
7439 4939
7440 4940
3540 540
7441 4941
1590 2090
7442 4942
7443 4943
3541 541
5506 6006
7444 4944
1591 2091
7445 4945
7446 4946
3542 542
7447 4947
1592 2092
7448 4948
3543 543
7449 4949
7450 4950
1593 2093
7451 4951
7452 4952
3544 544
5507 6007
7453 4953
1594 2094
7454 4954
7455 4955
3545 545
7456 4956
1595 2095
7457 4957
7458 4958
3546 546
7459 4959
1596 2096
7460 4960
5508 6008
7461 4961
3547 547
7462 4962
7463 4963
1597 2097
7464 4964
3548 548
7465 4965
7466 4966
1598 2098
7467 4967
3549 549
7468 4968
7469 4969
1599 2099
5509 6009
7470 4970
3550 550
1600 2100
7471 4971
1601 2101
7472 4972
1602 2102
5510 6010
1603 2103
7473 4973
3551 551
1604 2104
7474 4974
1605 2105
5511 6011
7475 4975
1606 2106
7476 4976
3552 552
1607 2107
7477 4977
1608 2108
5512 6012
7478 4978
1609 2109
7479 4979
3553 553
1610 2110
7480 4980
1611 2111
5513 6013
7481 4981
1612 2112
7482 4982
3554 554
1613 2113
7483 4983
1614 2114
7484 4984
5514 6014
1615 2115
7485 4985
3555 555
1616 2116
7486 4986
1617 2117
7487 4987
5515 6015
1618 2118
7488 4988
3556 556
1619 2119
7489 4989
1620 2120
7490 4990
5516 6016
7491 4991
1621 2121
3557 557
7492 4992
1622 2122
7493 4993
1623 2123
5517 6017
1624 2124
7494 4994
1625 2125
7495 4995
1626 2126
7496 4996
3558 558
1627 2127
7497 4997
5518 6018
1628 2128
7498 4998
3559 559
1629 2129
7499 4999
5519 6019
1630 2130
1631 2131
3560 560
1632 2132
5520 6020
1633 2133
1634 2134
3561 561
5521 6021
1635 2135
1636 2136
3562 562
1637 2137
5522 6022
1638 2138
1639 2139
3563 563
1640 2140
5523 6023
1641 2141
3564 564
1642 2142
1643 2143
5524 6024
3565 565
1644 2144
1645 2145
3566 566
1646 2146
5525 6025
1647 2147
1648 2148
3567 567
1649 2149
5526 6026
1650 2150
1651 2151
3568 568
1652 2152
5527 6027
1653 2153
3569 569
1654 2154
1655 2155
5528 6028
3570 570
1656 2156
1657 2157
1658 2158
5529 6029
3571 571
1659 2159
1660 2160
3572 572
1661 2161
5530 6030
1662 2162
1663 2163
3573 573
5531 6031
1664 2164
1665 2165
1666 2166
3574 574
1667 2167
5532 6032
1668 2168
1669 2169
3575 575
1670 2170
5533 6033
1671 2171
1672 2172
3576 576
1673 2173
5534 6034
1674 2174
3577 577
1675 2175
1676 2176
5535 6035
1677 2177
1678 2178
3578 578
5536 6036
1679 2179
1680 2180
1681 2181
3579 579
1682 2182
5537 6037
1683 2183
1684 2184
5538 6038
3580 580
1685 2185
1686 2186
1687 2187
3581 581
5539 6039
1688 2188
1689 2189
1690 2190
3582 582
5540 6040
1691 2191
1692 2192
1693 2193
3583 583
1694 2194
5541 6041
1695 2195
3584 584
1696 2196
5542 6042
1697 2197
1698 2198
3585 585
1699 2199
5543 6043
1700 2200
3586 586
1701 2201
1702 2202
5544 6044
3587 587
1703 2203
1704 2204
1705 2205
3588 588
5545 6045
1706 2206
1707 2207
1708 2208
5546 6046
3589 589
1709 2209
1710 2210
1711 2211
5547 6047
1712 2212
3590 590
1713 2213
1714 2214
5548 6048
3591 591
1715 2215
1716 2216
5549 6049
1717 2217
3592 592
1718 2218
5550 6050
1719 2219
1720 2220
1721 2221
3593 593
1722 2222
5551 6051
1723 2223
1724 2224
5552 6052
3594 594
1725 2225
1726 2226
3595 595
1727 2227
5553 6053
1728 2228
3596 596
1729 2229
5554 6054
1730 2230
3597 597
5555 6055
1731 2231
1732 2232
3598 598
1733 2233
5556 6056
1734 2234
3599 599
1735 2235
3600 600
1736 2236
3601 601
5557 6057
1737 2237
3602 602
1738 2238
3603 603
1739 2239
3604 604
3605 605
1740 2240
5558 6058
3606 606
1741 2241
3607 607
1742 2242
3608 608
1743 2243
3609 609
5559 6059
3610 610
1744 2244
3611 611
1745 2245
3612 612
1746 2246
3613 613
5560 6060
1747 2247
3614 614
1748 2248
1749 2249
3615 615
5561 6061
3616 616
1750 2250
1751 2251
3617 617
3618 618
1752 2252
3619 619
5562 6062
3620 620
1753 2253
3621 621
1754 2254
3622 622
1755 2255
3623 623
5563 6063
1756 2256
3624 624
1757 2257
3625 625
1758 2258
3626 626
1759 2259
5564 6064
3627 627
1760 2260
3628 628
1761 2261
3629 629
1762 2262
5565 6065
3630 630
1763 2263
3631 631
1764 2264
3632 632
5566 6066
1765 2265
3633 633
1766 2266
3634 634
5567 6067
1767 2267
3635 635
1768 2268
3636 636
1769 2269
1770 2270
5568 6068
3637 637
1771 2271
3638 638
1772 2272
3639 639
5569 6069
1773 2273
3640 640
1774 2274
3641 641
1775 2275
3642 642
1776 2276
5570 6070
3643 643
1777 2277
3644 644
1778 2278
5571 6071
3645 645
1779 2279
3646 646
1780 2280
3647 647
5572 6072
1781 2281
3648 648
1782 2282
3649 649
1783 2283
5573 6073
3650 650
1784 2284
3651 651
1785 2285
3652 652
1786 2286
3653 653
1787 2287
3654 654
5574 6074
1788 2288
3655 655
1789 2289
3656 656
1790 2290
5575 6075
3657 657
3658 658
1791 2291
3659 659
1792 2292
3660 660
1793 2293
5576 6076
3661 661
1794 2294
3662 662
1795 2295
3663 663
1796 2296
5577 6077
3664 664
1797 2297
1798 2298
3665 665
1799 2299
3666 666
1800 2300
5578 6078
3667 667
1801 2301
3668 668
1802 2302
3669 669
1803 2303
5579 6079
1804 2304
3670 670
1805 2305
3671 671
1806 2306
3672 672
1807 2307
5580 6080
3673 673
1808 2308
3674 674
1809 2309
3675 675
1810 2310
3676 676
1811 2311
5581 6081
3677 677
1812 2312
3678 678
1813 2313
5582 6082
3679 679
1814 2314
3680 680
1815 2315
3681 681
1816 2316
5583 6083
3682 682
1817 2317
3683 683
1818 2318
3684 684
1819 2319
5584 6084
3685 685
1820 2320
3686 686
1821 2321
3687 687
1822 2322
5585 6085
3688 688
1823 2323
3689 689
1824 2324
1825 2325
3690 690
5586 6086
1826 2326
3691 691
1827 2327
3692 692
5587 6087
1828 2328
3693 693
1829 2329
3694 694
1830 2330
3695 695
5588 6088
1831 2331
3696 696
1832 2332
3697 697
5589 6089
1833 2333
3698 698
1834 2334
3699 699
1835 2335
3700 700
5590 6090
1836 2336
3701 701
1837 2337
3702 702
1838 2338
5591 6091
3703 703
1839 2339
3704 704
1840 2340
3705 705
5592 6092
1841 2341
3706 706
1842 2342
3707 707
5593 6093
1843 2343
3708 708
1844 2344
3709 709
1845 2345
5594 6094
3710 710
3711 711
1846 2346
1847 2347
3712 712
5595 6095
1848 2348
3713 713
3714 714
1849 2349
3715 715
1850 2350
5596 6096
3716 716
1851 2351
3717 717
5597 6097
1852 2352
3718 718
1853 2353
3719 719
1854 2354
5598 6098
3720 720
1855 2355
1856 2356
3721 721
3722 722
1857 2357
3723 723
1858 2358
5599 6099
3724 724
1859 2359
5600 6100
3725 725
1860 2360
5601 6101
3726 726
1861 2361
5602 6102
3727 727
1862 2362
5603 6103
3728 728
1863 2363
5604 6104
3729 729
1864 2364
5605 6105
3730 730
5606 6106
1865 2365
3731 731
5607 6107
1866 2366
3732 732
5608 6108
1867 2367
3733 733
5609 6109
1868 2368
3734 734
5610 6110
5611 6111
1869 2369
3735 735
1870 2370
5612 6112
3736 736
1871 2371
5613 6113
3737 737
1872 2372
5614 6114
3738 738
1873 2373
5615 6115
3739 739
1874 2374
5616 6116
3740 740
5617 6117
3741 741
5618 6118
3742 742
5619 6119
3743 743
5620 6120
3744 744
5621 6121
3745 745
5622 6122
3746 746
5623 6123
3747 747
5624 6124
3748 748
3749 749
